0.000000000000000e+000 0.000000e+000
9.765625114122045e-011 1.914498e-008
1.953125022824409e-010 4.095184e-008
3.822319903826929e-007 6.917076e-006
7.642686682631034e-007 1.205906e-005
1.146305346143514e-006 1.546690e-005
1.528342024023924e-006 1.714060e-005
1.910378701904335e-006 1.708016e-005
2.292415379784745e-006 1.528558e-005
2.674452057665155e-006 1.175686e-005
4.985709563628244e-006 1.279947e-005
8.073523991636882e-006 1.504994e-005
1.175362320419658e-005 1.944448e-005
1.512224432408379e-005 2.597001e-005
1.933888681900093e-005 3.864788e-005
2.397736624000746e-005 6.003031e-005
3.024994984298697e-005 1.040611e-004
3.766336994882416e-005 1.836450e-004
4.741418431418874e-005 3.394606e-004
5.717980931418874e-005 5.621940e-004
6.694543431418874e-005 8.663653e-004
7.671105931418874e-005 1.262532e-003
8.647668431418873e-005 1.760118e-003
9.624230931418873e-005 2.367422e-003
1.060079343141887e-004 3.091593e-003
1.157735593141887e-004 3.938625e-003
1.255391843141887e-004 4.913345e-003
1.353048093141887e-004 6.019421e-003
1.450704343141887e-004 7.259358e-003
1.548360593141888e-004 8.634510e-003
1.646016843141888e-004 1.014510e-002
1.743673093141888e-004 1.179022e-002
1.841329343141888e-004 1.356788e-002
1.938985593141888e-004 1.547501e-002
2.036641843141888e-004 1.750752e-002
2.134298093141888e-004 1.966031e-002
2.231954343141888e-004 2.192730e-002
2.329610593141888e-004 2.430152e-002
2.427266843141888e-004 2.677510e-002
2.622579343141889e-004 3.198482e-002
2.817891843141889e-004 3.747793e-002
3.013204343141889e-004 4.316523e-002
3.208516843141889e-004 4.894867e-002
3.403829343141889e-004 5.472334e-002
3.599141843141889e-004 6.037943e-002
3.892110593141890e-004 6.839447e-002
4.185079343141890e-004 7.550736e-002
4.478048093141890e-004 8.134717e-002
4.771016843141890e-004 8.556795e-002
4.966329343141891e-004 8.732825e-002
5.161641843141891e-004 8.815144e-002
5.356954343141891e-004 8.796898e-002
5.552266843141891e-004 8.672450e-002
5.747579343141891e-004 8.437474e-002
5.942891843141891e-004 8.089020e-002
6.138204343141892e-004 7.625575e-002
6.333516843141892e-004 7.047093e-002
6.528829343141892e-004 6.355005e-002
6.724141843141892e-004 5.552212e-002
6.919454343141892e-004 4.643061e-002
7.017110593141892e-004 4.150342e-002
7.114766843141893e-004 3.633293e-002
7.212423093141893e-004 3.092839e-002
7.310079343141893e-004 2.529985e-002
7.407735593141893e-004 1.945809e-002
7.505391843141893e-004 1.341464e-002
7.603048093141893e-004 7.181723e-003
7.700704343141893e-004 7.721946e-004
7.798360593141893e-004 -5.800450e-003
7.896016843141893e-004 -1.252214e-002
7.993673093141893e-004 -1.937827e-002
8.091329343141893e-004 -2.635372e-002
8.188985593141893e-004 -3.343293e-002
8.286641843141894e-004 -4.059992e-002
8.481954343141894e-004 -5.513155e-002
8.774923093141894e-004 -7.716934e-002
9.067891843141894e-004 -9.907943e-002
9.360860593141895e-004 -1.203883e-001
9.556173093141895e-004 -1.340284e-001
9.751485593141895e-004 -1.470576e-001
9.946798093141895e-004 -1.593454e-001
1.014211059314190e-003 -1.707675e-001
1.033742309314190e-003 -1.812068e-001
1.053273559314190e-003 -1.905548e-001
1.063039184314190e-003 -1.947882e-001
1.072804809314190e-003 -1.987126e-001
1.082570434314190e-003 -2.023171e-001
1.092336059314190e-003 -2.055919e-001
1.111867309314190e-003 -2.111161e-001
1.141164184314190e-003 -2.167235e-001
1.170461059314190e-003 -2.189754e-001
1.199757934314190e-003 -2.177757e-001
1.229054809314190e-003 -2.130969e-001
1.258351684314190e-003 -2.049804e-001
1.287648559314190e-003 -1.935346e-001
1.316945434314190e-003 -1.789319e-001
1.346242309314190e-003 -1.614038e-001
1.375539184314190e-003 -1.412357e-001
1.404836059314190e-003 -1.187598e-001
1.434132934314190e-003 -9.434740e-002
1.463429809314190e-003 -6.840128e-002
1.492726684314190e-003 -4.134641e-002
1.522023559314190e-003 -1.362143e-002
1.528999005742761e-003 -6.955466e-003
1.535974452171333e-003 -2.974457e-004
1.542949898599904e-003 6.352632e-003
1.549925345028476e-003 1.299477e-002
1.556900791457047e-003 1.962896e-002
1.563876237885619e-003 2.625521e-002
1.570851684314190e-003 3.287351e-002
1.600148559314190e-003 6.023284e-002
1.629445434314190e-003 8.667887e-002
1.658742309314190e-003 1.118223e-001
1.688039184314190e-003 1.353055e-001
1.717336059314190e-003 1.568080e-001
1.746632934314190e-003 1.760518e-001
1.775929809314190e-003 1.928043e-001
1.805226684314190e-003 2.068818e-001
1.814992309314190e-003 2.109552e-001
1.824757934314190e-003 2.147124e-001
1.844289184314190e-003 2.212664e-001
1.873586059314190e-003 2.286688e-001
1.902882934314190e-003 2.331456e-001
1.932179809314190e-003 2.347280e-001
1.961476684314190e-003 2.334922e-001
1.981007934314190e-003 2.311594e-001
2.000539184314189e-003 2.276703e-001
2.029836059314189e-003 2.203826e-001
2.059132934314188e-003 2.108089e-001
2.088429809314187e-003 1.991743e-001
2.117726684314187e-003 1.857248e-001
2.147023559314186e-003 1.707214e-001
2.176320434314186e-003 1.544350e-001
2.205617309314185e-003 1.371410e-001
2.215382934314185e-003 1.311755e-001
2.225148559314185e-003 1.251632e-001
2.234914184314184e-003 1.191041e-001
2.244679809314184e-003 1.129982e-001
2.254445434314184e-003 1.068454e-001
2.264211059314184e-003 1.006459e-001
2.273976684314184e-003 9.439953e-002
2.285137398599898e-003 8.724106e-002
2.296298112885612e-003 8.011006e-002
2.307458827171325e-003 7.300653e-002
2.318619541457040e-003 6.593047e-002
2.329780255742754e-003 5.888187e-002
2.340940970028468e-003 5.186075e-002
2.352101684314182e-003 4.486709e-002
2.381398559314181e-003 2.694117e-002
2.400929809314181e-003 1.534309e-002
2.410695434314181e-003 9.668342e-003
2.420461059314180e-003 4.083975e-003
2.430226684314180e-003 -1.404772e-003
2.439992309314180e-003 -6.792981e-003
2.449757934314180e-003 -1.207605e-002
2.459523559314180e-003 -1.724971e-002
2.479054809314179e-003 -2.725328e-002
2.498586059314179e-003 -3.677592e-002
2.518117309314178e-003 -4.579497e-002
2.547414184314178e-003 -5.834196e-002
2.576711059314177e-003 -6.967784e-002
2.606007934314176e-003 -7.978635e-002
2.635304809314176e-003 -8.867242e-002
2.664601684314175e-003 -9.636011e-002
2.688318202171317e-003 -1.016360e-001
2.712034720028460e-003 -1.062757e-001
2.735751237885602e-003 -1.102791e-001
2.759467755742745e-003 -1.136462e-001
2.783184273599887e-003 -1.163772e-001
2.806900791457029e-003 -1.184719e-001
2.830617309314172e-003 -1.199303e-001
2.848753470028457e-003 -1.207478e-001
2.866889630742742e-003 -1.213479e-001
2.885025791457028e-003 -1.217305e-001
2.903161952171313e-003 -1.218958e-001
2.921298112885598e-003 -1.218436e-001
2.939434273599884e-003 -1.215741e-001
2.957570434314169e-003 -1.210871e-001
2.967336059314169e-003 -1.207775e-001
2.977101684314169e-003 -1.204294e-001
2.986867309314168e-003 -1.200426e-001
2.996632934314168e-003 -1.196173e-001
3.006398559314168e-003 -1.191533e-001
3.016164184314168e-003 -1.186508e-001
3.025929809314168e-003 -1.181097e-001
3.046856148599881e-003 -1.168354e-001
3.067782487885595e-003 -1.154447e-001
3.088708827171309e-003 -1.139377e-001
3.109635166457023e-003 -1.123143e-001
3.130561505742737e-003 -1.105746e-001
3.151487845028451e-003 -1.087185e-001
3.172414184314164e-003 -1.067461e-001
3.194735612885592e-003 -1.045576e-001
3.217057041457021e-003 -1.022210e-001
3.239378470028449e-003 -9.973619e-002
3.261699898599877e-003 -9.710320e-002
3.284021327171305e-003 -9.432204e-002
3.306342755742733e-003 -9.139270e-002
3.328664184314161e-003 -8.831518e-002
3.339824898599875e-003 -8.669789e-002
3.350985612885589e-003 -8.502826e-002
3.362146327171303e-003 -8.330630e-002
3.373307041457017e-003 -8.153200e-002
3.384467755742731e-003 -7.970536e-002
3.395628470028445e-003 -7.782639e-002
3.406789184314159e-003 -7.589508e-002
3.416554809314159e-003 -7.415665e-002
3.426320434314159e-003 -7.237151e-002
3.436086059314159e-003 -7.053965e-002
3.445851684314159e-003 -6.866107e-002
3.455617309314158e-003 -6.673578e-002
3.465382934314158e-003 -6.476376e-002
3.475148559314158e-003 -6.274503e-002
3.486309273599872e-003 -6.037675e-002
3.497469987885586e-003 -5.794335e-002
3.508630702171300e-003 -5.544483e-002
3.519791416457014e-003 -5.288121e-002
3.530952130742728e-003 -5.025247e-002
3.542112845028442e-003 -4.755861e-002
3.553273559314156e-003 -4.479964e-002
3.568619541457013e-003 -4.089217e-002
3.583965523599870e-003 -3.687074e-002
3.599311505742727e-003 -3.273537e-002
3.614657487885583e-003 -2.848606e-002
3.630003470028440e-003 -2.412279e-002
3.645349452171297e-003 -1.964558e-002
3.660695434314154e-003 -1.505443e-002
3.680226684314154e-003 -9.081302e-003
3.699757934314153e-003 -2.961454e-003
3.709523559314153e-003 1.490154e-004
3.729054809314153e-003 6.461178e-003
3.758351684314152e-003 1.612490e-002
3.777882934314151e-003 2.272891e-002
3.797414184314151e-003 2.933342e-002
3.816945434314151e-003 3.593843e-002
3.836476684314150e-003 4.254395e-002
3.856007934314150e-003 4.914995e-002
3.875539184314149e-003 5.575646e-002
3.895070434314149e-003 6.236347e-002
3.915996773599863e-003 6.936100e-002
3.936923112885577e-003 7.614440e-002
3.957849452171290e-003 8.271368e-002
3.978775791457005e-003 8.906884e-002
3.999702130742719e-003 9.520986e-002
4.020628470028432e-003 1.011368e-001
4.041554809314146e-003 1.068495e-001
4.051320434314146e-003 1.093759e-001
4.061086059314146e-003 1.118214e-001
4.070851684314146e-003 1.141862e-001
4.080617309314145e-003 1.164702e-001
4.090382934314145e-003 1.186734e-001
4.100148559314145e-003 1.207958e-001
4.109914184314145e-003 1.228375e-001
4.119679809314145e-003 1.247877e-001
4.129445434314144e-003 1.266395e-001
4.139211059314144e-003 1.283931e-001
4.148976684314144e-003 1.300484e-001
4.158742309314144e-003 1.316055e-001
4.168507934314144e-003 1.330642e-001
4.178273559314143e-003 1.344247e-001
4.192224452171286e-003 1.361868e-001
4.206175345028428e-003 1.377188e-001
4.220126237885571e-003 1.390207e-001
4.234077130742714e-003 1.400926e-001
4.248028023599857e-003 1.409344e-001
4.261978916456998e-003 1.415461e-001
4.275929809314141e-003 1.419278e-001
4.294065970028426e-003 1.420520e-001
4.312202130742712e-003 1.417684e-001
4.330338291456997e-003 1.410770e-001
4.348474452171283e-003 1.399779e-001
4.366610612885568e-003 1.384710e-001
4.384746773599854e-003 1.365563e-001
4.402882934314139e-003 1.342338e-001
4.419624005742710e-003 1.317237e-001
4.436365077171281e-003 1.289032e-001
4.453106148599852e-003 1.257722e-001
4.469847220028422e-003 1.223308e-001
4.486588291456994e-003 1.185791e-001
4.503329362885565e-003 1.145169e-001
4.520070434314136e-003 1.101443e-001
4.529836059314136e-003 1.074727e-001
4.539601684314136e-003 1.047164e-001
4.549367309314135e-003 1.018754e-001
4.559132934314135e-003 9.894955e-002
4.568898559314135e-003 9.593899e-002
4.578664184314135e-003 9.284368e-002
4.588429809314135e-003 8.966362e-002
4.600985612885563e-003 8.545701e-002
4.613541416456991e-003 8.114908e-002
4.626097220028419e-003 7.673983e-002
4.638653023599848e-003 7.222926e-002
4.651208827171276e-003 6.761736e-002
4.663764630742705e-003 6.290414e-002
4.676320434314133e-003 5.808960e-002
4.688876237885561e-003 5.319656e-002
4.701432041456989e-003 4.825180e-002
4.713987845028417e-003 4.325531e-002
4.726543648599846e-003 3.820709e-002
4.739099452171275e-003 3.310716e-002
4.751655255742703e-003 2.795549e-002
4.764211059314131e-003 2.275210e-002
4.775371773599845e-003 1.810836e-002
4.786532487885559e-003 1.346232e-002
4.797693202171273e-003 8.813958e-003
4.808853916456987e-003 4.163292e-003
4.820014630742701e-003 -4.896825e-004
4.831175345028415e-003 -5.144966e-003
4.842336059314129e-003 -9.802558e-003
4.860472220028414e-003 -1.736536e-002
4.878608380742700e-003 -2.481470e-002
4.896744541456985e-003 -3.215057e-002
4.914880702171271e-003 -3.937298e-002
4.933016862885556e-003 -4.648192e-002
4.951153023599842e-003 -5.347740e-002
4.969289184314127e-003 -6.035941e-002
4.991610612885554e-003 -6.858843e-002
5.013932041456982e-003 -7.644128e-002
5.036253470028410e-003 -8.391795e-002
5.058574898599839e-003 -9.101846e-002
5.080896327171267e-003 -9.774280e-002
5.103217755742695e-003 -1.040910e-001
5.125539184314123e-003 -1.100630e-001
5.140885166456980e-003 -1.138711e-001
5.156231148599837e-003 -1.174435e-001
5.171577130742694e-003 -1.207799e-001
5.186923112885550e-003 -1.238805e-001
5.202269095028407e-003 -1.267452e-001
5.217615077171264e-003 -1.293741e-001
5.232961059314121e-003 -1.317671e-001
5.242726684314121e-003 -1.331544e-001
5.252492309314120e-003 -1.344385e-001
5.262257934314120e-003 -1.356195e-001
5.272023559314120e-003 -1.366973e-001
5.281789184314120e-003 -1.376719e-001
5.291554809314120e-003 -1.385434e-001
5.301320434314119e-003 -1.393117e-001
5.313876237885548e-003 -1.401441e-001
5.326432041456976e-003 -1.408039e-001
5.338987845028404e-003 -1.412909e-001
5.351543648599833e-003 -1.416053e-001
5.364099452171261e-003 -1.417469e-001
5.376655255742689e-003 -1.417159e-001
5.389211059314118e-003 -1.415122e-001
5.407347220028403e-003 -1.409048e-001
5.425483380742688e-003 -1.399572e-001
5.443619541456973e-003 -1.386693e-001
5.461755702171259e-003 -1.370412e-001
5.479891862885544e-003 -1.350727e-001
5.498028023599830e-003 -1.327640e-001
5.516164184314115e-003 -1.301151e-001
5.534300345028400e-003 -1.271391e-001
5.552436505742686e-003 -1.238795e-001
5.570572666456971e-003 -1.203362e-001
5.588708827171256e-003 -1.165091e-001
5.606844987885541e-003 -1.123984e-001
5.624981148599827e-003 -1.080040e-001
5.643117309314112e-003 -1.033259e-001
5.682179809314111e-003 -9.249182e-002
5.693340523599826e-003 -8.919735e-002
5.704501237885539e-003 -8.583170e-002
5.715661952171254e-003 -8.239488e-002
5.726822666456967e-003 -7.888689e-002
5.737983380742682e-003 -7.530772e-002
5.749144095028395e-003 -7.165739e-002
5.760304809314110e-003 -6.793588e-002
5.770070434314109e-003 -6.463192e-002
5.779836059314109e-003 -6.129065e-002
5.789601684314109e-003 -5.791207e-002
5.799367309314109e-003 -5.449619e-002
5.809132934314109e-003 -5.104300e-002
5.818898559314108e-003 -4.755250e-002
5.828664184314108e-003 -4.402470e-002
5.844010166456965e-003 -3.840871e-002
5.859356148599822e-003 -3.275525e-002
5.874702130742679e-003 -2.706434e-002
5.890048112885535e-003 -2.133596e-002
5.905394095028392e-003 -1.557011e-002
5.920740077171249e-003 -9.766806e-003
5.936086059314106e-003 -3.926036e-003
5.947246773599820e-003 3.160060e-004
5.958407487885534e-003 4.546465e-003
5.969568202171248e-003 8.765340e-003
5.980728916456962e-003 1.297263e-002
5.991889630742676e-003 1.716834e-002
6.003050345028390e-003 2.135247e-002
6.014211059314104e-003 2.552501e-002
6.036532487885532e-003 3.384416e-002
6.058853916456960e-003 4.196341e-002
6.081175345028388e-003 4.988275e-002
6.103496773599817e-003 5.760217e-002
6.125818202171245e-003 6.512168e-002
6.148139630742673e-003 7.244128e-002
6.170461059314101e-003 7.956097e-002
6.191387398599815e-003 8.594924e-002
6.212313737885528e-003 9.201189e-002
6.233240077171243e-003 9.774891e-002
6.254166416456956e-003 1.031603e-001
6.275092755742670e-003 1.082461e-001
6.296019095028384e-003 1.130062e-001
6.316945434314098e-003 1.174408e-001
6.326711059314098e-003 1.193630e-001
6.336476684314097e-003 1.211973e-001
6.346242309314097e-003 1.229436e-001
6.356007934314097e-003 1.246020e-001
6.365773559314097e-003 1.261725e-001
6.375539184314097e-003 1.276550e-001
6.385304809314096e-003 1.290495e-001
6.397860612885525e-003 1.307074e-001
6.410416416456953e-003 1.322071e-001
6.422972220028381e-003 1.335485e-001
6.435528023599810e-003 1.347316e-001
6.448083827171238e-003 1.357564e-001
6.460639630742666e-003 1.366230e-001
6.473195434314094e-003 1.373314e-001
6.489936505742666e-003 1.380184e-001
6.506677577171237e-003 1.384131e-001
6.523418648599808e-003 1.385156e-001
6.540159720028378e-003 1.383258e-001
6.556900791456950e-003 1.378438e-001
6.573641862885521e-003 1.370695e-001
6.590382934314092e-003 1.360030e-001
6.612704362885520e-003 1.341052e-001
6.635025791456948e-003 1.317257e-001
6.657347220028376e-003 1.288645e-001
6.679668648599805e-003 1.255216e-001
6.701990077171233e-003 1.216970e-001
6.724311505742661e-003 1.173907e-001
6.746632934314089e-003 1.126027e-001
6.756398559314088e-003 1.103810e-001
6.766164184314088e-003 1.080827e-001
6.775929809314088e-003 1.057077e-001
6.785695434314088e-003 1.032560e-001
6.795461059314088e-003 1.007276e-001
6.805226684314087e-003 9.812247e-002
6.814992309314087e-003 9.544068e-002
6.824757934314087e-003 9.268774e-002
6.834523559314087e-003 8.987162e-002
6.844289184314087e-003 8.699233e-002
6.854054809314086e-003 8.404986e-002
6.863820434314086e-003 8.104422e-002
6.873586059314086e-003 7.797540e-002
6.883351684314086e-003 7.484341e-002
6.893117309314086e-003 7.165523e-002
6.902882934314085e-003 6.841978e-002
6.912648559314085e-003 6.513706e-002
6.922414184314085e-003 6.180707e-002
6.932179809314085e-003 5.842981e-002
6.941945434314084e-003 5.500528e-002
6.951711059314084e-003 5.153348e-002
6.965661952171227e-003 4.649677e-002
6.979612845028369e-003 4.140793e-002
6.993563737885512e-003 3.626696e-002
7.007514630742655e-003 3.107385e-002
7.021465523599797e-003 2.582862e-002
7.035416416456939e-003 2.053125e-002
7.049367309314082e-003 1.518175e-002
7.061923112885510e-003 1.034883e-002
7.074478916456939e-003 5.516572e-003
7.087034720028367e-003 6.849932e-004
7.099590523599796e-003 -4.145912e-003
7.112146327171224e-003 -8.976144e-003
7.124702130742652e-003 -1.380570e-002
7.137257934314080e-003 -1.863459e-002
7.158184273599795e-003 -2.667324e-002
7.179110612885508e-003 -3.456015e-002
7.200036952171222e-003 -4.229534e-002
7.220963291456935e-003 -4.987879e-002
7.241889630742650e-003 -5.731050e-002
7.262815970028363e-003 -6.459049e-002
7.283742309314077e-003 -7.171874e-002
7.303273559314077e-003 -7.813909e-002
7.322804809314076e-003 -8.428876e-002
7.342336059314076e-003 -9.016775e-002
7.361867309314076e-003 -9.577606e-002
7.381398559314075e-003 -1.011137e-001
7.400929809314075e-003 -1.061806e-001
7.420461059314074e-003 -1.109769e-001
7.433016862885502e-003 -1.138710e-001
7.445572666456931e-003 -1.166195e-001
7.458128470028359e-003 -1.192224e-001
7.470684273599788e-003 -1.216796e-001
7.483240077171216e-003 -1.239912e-001
7.495795880742644e-003 -1.261571e-001
7.508351684314072e-003 -1.281773e-001
7.516722220028358e-003 -1.294346e-001
7.525092755742644e-003 -1.306207e-001
7.533463291456929e-003 -1.317357e-001
7.541833827171215e-003 -1.327795e-001
7.550204362885500e-003 -1.337520e-001
7.558574898599786e-003 -1.346535e-001
7.566945434314071e-003 -1.354837e-001
7.580896327171214e-003 -1.367054e-001
7.594847220028356e-003 -1.377197e-001
7.608798112885499e-003 -1.385267e-001
7.622749005742641e-003 -1.391263e-001
7.636699898599784e-003 -1.395186e-001
7.650650791456926e-003 -1.397036e-001
7.664601684314069e-003 -1.396812e-001
7.682737845028354e-003 -1.393295e-001
7.700874005742640e-003 -1.386329e-001
7.719010166456925e-003 -1.375915e-001
7.737146327171211e-003 -1.362051e-001
7.755282487885496e-003 -1.344739e-001
7.773418648599781e-003 -1.323977e-001
7.791554809314066e-003 -1.299767e-001
7.809690970028351e-003 -1.272151e-001
7.827827130742636e-003 -1.241543e-001
7.845963291456922e-003 -1.207944e-001
7.864099452171208e-003 -1.171353e-001
7.882235612885494e-003 -1.131770e-001
7.900371773599778e-003 -1.089196e-001
7.918507934314064e-003 -1.043629e-001
7.929668648599777e-003 -1.014348e-001
7.940829362885492e-003 -9.841745e-002
7.951990077171206e-003 -9.531091e-002
7.963150791456920e-003 -9.211517e-002
7.974311505742633e-003 -8.883022e-002
7.985472220028348e-003 -8.545607e-002
7.996632934314062e-003 -8.199272e-002
8.009188737885491e-003 -7.799933e-002
8.021744541456918e-003 -7.392466e-002
8.034300345028347e-003 -6.976872e-002
8.046856148599775e-003 -6.553150e-002
8.059411952171204e-003 -6.121300e-002
8.071967755742631e-003 -5.681323e-002
8.084523559314060e-003 -5.233217e-002
8.097079362885489e-003 -4.778718e-002
8.109635166456916e-003 -4.319888e-002
8.122190970028346e-003 -3.856728e-002
8.134746773599773e-003 -3.389239e-002
8.147302577171202e-003 -2.917420e-002
8.159858380742629e-003 -2.441271e-002
8.172414184314058e-003 -1.960793e-002
8.187760166456915e-003 -1.369510e-002
8.203106148599771e-003 -7.784775e-003
8.218452130742628e-003 -1.876953e-003
8.233798112885486e-003 4.028367e-003
8.249144095028343e-003 9.931184e-003
8.264490077171199e-003 1.583150e-002
8.279836059314056e-003 2.172931e-002
8.302157487885485e-003 3.027234e-002
8.324478916456912e-003 3.862181e-002
8.346800345028341e-003 4.677771e-002
8.369121773599768e-003 5.474006e-002
8.391443202171197e-003 6.250885e-002
8.413764630742624e-003 7.008408e-002
8.436086059314053e-003 7.746574e-002
8.457012398599766e-003 8.409601e-002
8.477938737885481e-003 9.039513e-002
8.498865077171194e-003 9.636311e-002
8.519791416456908e-003 1.019999e-001
8.540717755742621e-003 1.073056e-001
8.561644095028336e-003 1.122802e-001
8.582570434314049e-003 1.169236e-001
8.593731148599763e-003 1.192213e-001
8.604891862885478e-003 1.214007e-001
8.616052577171192e-003 1.234618e-001
8.627213291456905e-003 1.254045e-001
8.638374005742619e-003 1.272290e-001
8.649534720028334e-003 1.289352e-001
8.660695434314048e-003 1.305230e-001
8.674646327171191e-003 1.323322e-001
8.688597220028333e-003 1.339398e-001
8.702548112885476e-003 1.353455e-001
8.716499005742617e-003 1.365496e-001
8.730449898599760e-003 1.375520e-001
8.744400791456903e-003 1.383526e-001
8.758351684314046e-003 1.389516e-001
8.772302577171189e-003 1.393394e-001
8.786253470028331e-003 1.395206e-001
8.800204362885474e-003 1.394950e-001
8.814155255742615e-003 1.392627e-001
8.828106148599758e-003 1.388237e-001
8.842057041456901e-003 1.381780e-001
8.856007934314044e-003 1.373255e-001
8.878329362885472e-003 1.355108e-001
8.900650791456900e-003 1.332084e-001
8.922972220028328e-003 1.304183e-001
8.945293648599756e-003 1.271406e-001
8.967615077171184e-003 1.233751e-001
8.989936505742611e-003 1.191220e-001
9.012257934314040e-003 1.143812e-001
9.023418648599754e-003 1.118567e-001
9.034579362885469e-003 1.092324e-001
9.045740077171183e-003 1.065083e-001
9.056900791456896e-003 1.036844e-001
9.068061505742610e-003 1.007607e-001
9.079222220028325e-003 9.773726e-002
9.090382934314039e-003 9.461398e-002
9.101543648599752e-003 9.139948e-002
9.112704362885468e-003 8.810614e-002
9.123865077171181e-003 8.473398e-002
9.135025791456895e-003 8.128298e-002
9.146186505742608e-003 7.775315e-002
9.157347220028323e-003 7.414449e-002
9.168507934314037e-003 7.045700e-002
9.178273559314037e-003 6.717647e-002
9.188039184314037e-003 6.385318e-002
9.197804809314036e-003 6.048713e-002
9.207570434314036e-003 5.707832e-002
9.217336059314036e-003 5.362676e-002
9.227101684314036e-003 5.013244e-002
9.236867309314036e-003 4.659535e-002
9.252213291456892e-003 4.095340e-002
9.267559273599749e-003 3.526365e-002
9.282905255742605e-003 2.952609e-002
9.298251237885464e-003 2.374072e-002
9.313597220028320e-003 1.790756e-002
9.328943202171177e-003 1.202659e-002
9.344289184314033e-003 6.097811e-003
9.355449898599747e-003 1.787279e-003
9.366610612885462e-003 -2.514756e-003
9.377771327171176e-003 -6.808294e-003
9.388932041456889e-003 -1.109334e-002
9.400092755742603e-003 -1.536988e-002
9.411253470028318e-003 -1.963793e-002
9.422414184314032e-003 -2.389748e-002
9.444735612885460e-003 -3.240042e-002
9.467057041456888e-003 -4.070340e-002
9.489378470028316e-003 -4.880643e-002
9.511699898599743e-003 -5.670950e-002
9.534021327171172e-003 -6.441263e-002
9.556342755742599e-003 -7.191580e-002
9.578664184314028e-003 -7.921901e-002
9.599590523599742e-003 -8.577039e-002
9.620516862885457e-003 -9.198620e-002
9.641443202171170e-003 -9.786646e-002
9.662369541456883e-003 -1.034112e-001
9.683295880742597e-003 -1.086203e-001
9.704222220028312e-003 -1.134939e-001
9.725148559314025e-003 -1.180319e-001
9.773976684314024e-003 -1.269557e-001
9.783742309314024e-003 -1.284678e-001
9.790717755742594e-003 -1.294914e-001
9.797693202171167e-003 -1.304660e-001
9.804668648599737e-003 -1.313915e-001
9.811644095028309e-003 -1.322681e-001
9.818619541456880e-003 -1.330957e-001
9.825594987885452e-003 -1.338742e-001
9.832570434314023e-003 -1.346038e-001
9.847916416456879e-003 -1.360341e-001
9.863262398599736e-003 -1.372155e-001
9.878608380742593e-003 -1.381480e-001
9.893954362885451e-003 -1.388317e-001
9.909300345028307e-003 -1.392666e-001
9.924646327171164e-003 -1.394525e-001
9.939992309314021e-003 -1.393896e-001
9.988820434314020e-003 -1.375151e-001
9.998586059314019e-003 -1.368593e-001
1.000000000000000e-002 -1.367565e-001
