0.000000000000000e+000 0.000000e+000
9.765625114122045e-011 1.918955e-008
1.953125022824409e-010 4.104719e-008
3.820565584686416e-007 6.859733e-006
7.639178044350008e-007 1.194144e-005
1.145779050401360e-006 1.528616e-005
1.527640296367719e-006 1.689390e-005
1.909501542334078e-006 1.676466e-005
2.291362788300437e-006 1.489844e-005
2.673224034266796e-006 1.129524e-005
4.981553885962505e-006 1.186269e-005
8.243410812807762e-006 1.344195e-005
1.225480000872520e-005 1.700958e-005
1.588274685627563e-005 2.250700e-005
1.986530521387160e-005 3.221037e-005
2.489449551076661e-005 5.120731e-005
3.114214594935425e-005 8.759864e-005
3.903390403231666e-005 1.584132e-004
4.879952903231666e-005 2.890210e-004
5.856515403231667e-005 4.756745e-004
6.833077903231666e-005 7.304099e-004
7.809640403231666e-005 1.062603e-003
8.786202903231665e-005 1.481042e-003
9.762765403231665e-005 1.993933e-003
1.073932790323166e-004 2.608901e-003
1.171589040323166e-004 3.332990e-003
1.269245290323166e-004 4.172669e-003
1.366901540323167e-004 5.133838e-003
1.464557790323167e-004 6.221829e-003
1.562214040323167e-004 7.441411e-003
1.659870290323167e-004 8.796801e-003
1.757526540323167e-004 1.029166e-002
1.855182790323167e-004 1.192912e-002
1.952839040323167e-004 1.371176e-002
2.050495290323167e-004 1.564165e-002
2.148151540323167e-004 1.772033e-002
2.245807790323167e-004 1.994881e-002
2.343464040323167e-004 2.232765e-002
2.441120290323168e-004 2.485686e-002
2.538776540323168e-004 2.753601e-002
2.636432790323168e-004 3.036418e-002
2.831745290323168e-004 3.646159e-002
3.027057790323168e-004 4.313274e-002
3.222370290323168e-004 5.035440e-002
3.417682790323168e-004 5.809693e-002
3.612995290323169e-004 6.632461e-002
3.808307790323169e-004 7.499613e-002
4.003620290323169e-004 8.406497e-002
4.198932790323169e-004 9.347985e-002
4.394245290323169e-004 1.031852e-001
4.589557790323169e-004 1.131217e-001
4.882526540323170e-004 1.283215e-001
5.175495290323169e-004 1.436760e-001
5.468464040323170e-004 1.589503e-001
5.761432790323170e-004 1.739025e-001
6.012548861751741e-004 1.866464e-001
6.263664933180313e-004 1.984428e-001
6.514781004608886e-004 2.092919e-001
6.765897076037457e-004 2.191936e-001
7.017013147466028e-004 2.281478e-001
7.268129218894600e-004 2.361547e-001
7.519245290323172e-004 2.432142e-001
7.728508683180315e-004 2.478483e-001
7.937772076037458e-004 2.512798e-001
8.147035468894601e-004 2.535087e-001
8.356298861751744e-004 2.545350e-001
8.565562254608887e-004 2.543588e-001
8.774825647466030e-004 2.529800e-001
8.984089040323173e-004 2.503987e-001
9.277057790323173e-004 2.443297e-001
9.570026540323173e-004 2.355375e-001
9.862995290323173e-004 2.239796e-001
1.015596404032317e-003 2.096410e-001
1.044893279032317e-003 1.925352e-001
1.074190154032317e-003 1.727037e-001
1.103487029032317e-003 1.502163e-001
1.123018279032317e-003 1.337962e-001
1.142549529032317e-003 1.162741e-001
1.162080779032317e-003 9.769088e-002
1.171846404032317e-003 8.801551e-002
1.181612029032317e-003 7.809248e-002
1.201143279032317e-003 5.752982e-002
1.220674529032318e-003 3.605860e-002
1.230440154032318e-003 2.500095e-002
1.240205779032318e-003 1.373911e-002
1.249971404032318e-003 2.281297e-003
1.259737029032318e-003 -9.364014e-003
1.269502654032318e-003 -2.118810e-002
1.289033904032318e-003 -4.533648e-002
1.318330779032318e-003 -8.266816e-002
1.339257118318032e-003 -1.102938e-001
1.360183457603746e-003 -1.381035e-001
1.381109796889460e-003 -1.660974e-001
1.402036136175175e-003 -1.942753e-001
1.422962475460889e-003 -2.226373e-001
1.443888814746604e-003 -2.511834e-001
1.464815154032318e-003 -2.799136e-001
1.492716939746604e-003 -3.181770e-001
1.520618725460889e-003 -3.550920e-001
1.548520511175175e-003 -3.906584e-001
1.576422296889461e-003 -4.248763e-001
1.604324082603746e-003 -4.577458e-001
1.632225868318032e-003 -4.892667e-001
1.660127654032318e-003 -5.194391e-001
1.689424529032318e-003 -5.479689e-001
1.708955779032318e-003 -5.654642e-001
1.728487029032318e-003 -5.816489e-001
1.738252654032318e-003 -5.892265e-001
1.748018279032318e-003 -5.964491e-001
1.757783904032318e-003 -6.033081e-001
1.767549529032318e-003 -6.097950e-001
1.787080779032318e-003 -6.216205e-001
1.816377654032318e-003 -6.363754e-001
1.835908904032318e-003 -6.442311e-001
1.855440154032318e-003 -6.502779e-001
1.874971404032318e-003 -6.545158e-001
1.894502654032318e-003 -6.569450e-001
1.914033904032318e-003 -6.575652e-001
1.933565154032318e-003 -6.563766e-001
1.953096404032318e-003 -6.533791e-001
1.974022743318032e-003 -6.479590e-001
1.994949082603746e-003 -6.403643e-001
2.015875421889459e-003 -6.305952e-001
2.036801761175174e-003 -6.186514e-001
2.057728100460887e-003 -6.045331e-001
2.078654439746601e-003 -5.882402e-001
2.099580779032315e-003 -5.697728e-001
2.116321850460886e-003 -5.534473e-001
2.133062921889457e-003 -5.358795e-001
2.149803993318028e-003 -5.170693e-001
2.166545064746599e-003 -4.970168e-001
2.183286136175171e-003 -4.757219e-001
2.200027207603741e-003 -4.531847e-001
2.216768279032313e-003 -4.294052e-001
2.225138814746598e-003 -4.171215e-001
2.233509350460884e-003 -4.045788e-001
2.241879886175169e-003 -3.917770e-001
2.250250421889454e-003 -3.787161e-001
2.258620957603740e-003 -3.653961e-001
2.266991493318026e-003 -3.518170e-001
2.275362029032311e-003 -3.379788e-001
2.287917832603739e-003 -3.167403e-001
2.300473636175168e-003 -2.950489e-001
2.313029439746596e-003 -2.729049e-001
2.325585243318024e-003 -2.503081e-001
2.338141046889453e-003 -2.272586e-001
2.350696850460881e-003 -2.037564e-001
2.363252654032309e-003 -1.798015e-001
2.382783904032309e-003 -1.419210e-001
2.412080779032308e-003 -8.367371e-002
2.431612029032308e-003 -4.404571e-002
2.451143279032308e-003 -3.907678e-003
2.470674529032307e-003 3.662875e-002
2.487415600460878e-003 7.179011e-002
2.504156671889449e-003 1.069037e-001
2.520897743318020e-003 1.419695e-001
2.537638814746591e-003 1.769875e-001
2.554379886175163e-003 2.119577e-001
2.571120957603733e-003 2.468802e-001
2.587862029032305e-003 2.817549e-001
2.615763814746590e-003 3.396636e-001
2.643665600460875e-003 3.955524e-001
2.671567386175160e-003 4.494214e-001
2.699469171889445e-003 5.012706e-001
2.727370957603730e-003 5.511000e-001
2.755272743318015e-003 5.989094e-001
2.783174529032300e-003 6.446991e-001
2.804100868318014e-003 6.766826e-001
2.825027207603728e-003 7.065605e-001
2.845953546889442e-003 7.343328e-001
2.866879886175156e-003 7.599996e-001
2.887806225460870e-003 7.835609e-001
2.908732564746584e-003 8.050166e-001
2.929658904032297e-003 8.243667e-001
2.938029439746583e-003 8.313533e-001
2.946399975460869e-003 8.379401e-001
2.954770511175154e-003 8.441270e-001
2.963141046889439e-003 8.499141e-001
2.971511582603725e-003 8.553014e-001
2.979882118318010e-003 8.602888e-001
2.988252654032296e-003 8.648764e-001
2.998018279032296e-003 8.697056e-001
3.007783904032296e-003 8.739591e-001
3.017549529032295e-003 8.776370e-001
3.027315154032295e-003 8.807391e-001
3.037080779032295e-003 8.832657e-001
3.046846404032295e-003 8.852165e-001
3.056612029032295e-003 8.865917e-001
3.069167832603723e-003 8.874899e-001
3.081723636175151e-003 8.874121e-001
3.094279439746580e-003 8.863582e-001
3.106835243318008e-003 8.843283e-001
3.119391046889436e-003 8.813224e-001
3.131946850460865e-003 8.773404e-001
3.144502654032293e-003 8.723824e-001
3.164033904032292e-003 8.626547e-001
3.183565154032292e-003 8.506734e-001
3.203096404032292e-003 8.364386e-001
3.222627654032291e-003 8.199502e-001
3.242158904032291e-003 8.012083e-001
3.261690154032290e-003 7.802128e-001
3.281221404032290e-003 7.569637e-001
3.295172296889432e-003 7.390799e-001
3.309123189746575e-003 7.202176e-001
3.323074082603717e-003 7.003769e-001
3.337024975460860e-003 6.795579e-001
3.350975868318003e-003 6.577604e-001
3.364926761175145e-003 6.349845e-001
3.378877654032288e-003 6.112301e-001
3.408174529032287e-003 5.586828e-001
3.419335243318001e-003 5.376654e-001
3.430495957603715e-003 5.161994e-001
3.441656671889429e-003 4.942847e-001
3.452817386175144e-003 4.719213e-001
3.463978100460858e-003 4.491093e-001
3.475138814746571e-003 4.258485e-001
3.486299529032285e-003 4.021391e-001
3.494670064746571e-003 3.841220e-001
3.503040600460857e-003 3.659244e-001
3.511411136175142e-003 3.475462e-001
3.519781671889427e-003 3.289875e-001
3.528152207603713e-003 3.102483e-001
3.536522743317999e-003 2.913285e-001
3.544893279032284e-003 2.722283e-001
3.554658904032284e-003 2.497468e-001
3.564424529032284e-003 2.271192e-001
3.574190154032284e-003 2.043456e-001
3.583955779032283e-003 1.814258e-001
3.593721404032283e-003 1.583600e-001
3.603487029032283e-003 1.351481e-001
3.613252654032283e-003 1.117901e-001
3.620228100460854e-003 9.506303e-002
3.627203546889425e-003 7.831073e-002
3.634178993317997e-003 6.153317e-002
3.641154439746568e-003 4.473034e-002
3.648129886175139e-003 2.790225e-002
3.655105332603710e-003 1.104888e-002
3.662080779032282e-003 -5.829744e-003
3.674636582603710e-003 -3.627872e-002
3.687192386175139e-003 -6.661950e-002
3.699748189746567e-003 -9.685207e-002
3.712303993317995e-003 -1.269764e-001
3.724859796889423e-003 -1.569926e-001
3.737415600460852e-003 -1.869006e-001
3.749971404032280e-003 -2.167004e-001
3.775083011175137e-003 -2.760445e-001
3.800194618317993e-003 -3.335480e-001
3.825306225460850e-003 -3.892107e-001
3.850417832603707e-003 -4.430328e-001
3.875529439746563e-003 -4.950141e-001
3.900641046889420e-003 -5.451547e-001
3.925752654032277e-003 -5.934546e-001
3.946678993317991e-003 -6.314115e-001
3.967605332603704e-003 -6.671103e-001
3.988531671889418e-003 -7.005510e-001
4.009458011175132e-003 -7.317335e-001
4.030384350460846e-003 -7.606580e-001
4.051310689746559e-003 -7.873244e-001
4.072237029032273e-003 -8.117326e-001
4.121065154032272e-003 -8.579416e-001
4.133620957603701e-003 -8.674687e-001
4.146176761175129e-003 -8.759769e-001
4.158732564746557e-003 -8.834665e-001
4.171288368317986e-003 -8.899372e-001
4.183844171889414e-003 -8.953892e-001
4.196399975460842e-003 -8.998225e-001
4.208955779032271e-003 -9.032370e-001
4.221511582603699e-003 -9.055923e-001
4.234067386175127e-003 -9.069029e-001
4.246623189746555e-003 -9.071687e-001
4.259178993317984e-003 -9.063898e-001
4.271734796889412e-003 -9.045662e-001
4.284290600460840e-003 -9.016978e-001
4.296846404032269e-003 -8.977847e-001
4.316377654032268e-003 -8.895441e-001
4.335908904032268e-003 -8.789111e-001
4.355440154032267e-003 -8.658856e-001
4.374971404032267e-003 -8.504677e-001
4.394502654032267e-003 -8.326572e-001
4.414033904032266e-003 -8.124544e-001
4.433565154032266e-003 -7.898591e-001
4.447516046889409e-003 -7.723735e-001
4.461466939746550e-003 -7.538574e-001
4.475417832603693e-003 -7.343107e-001
4.489368725460836e-003 -7.137334e-001
4.503319618317979e-003 -6.921256e-001
4.517270511175121e-003 -6.694872e-001
4.531221404032264e-003 -6.458182e-001
4.539591939746549e-003 -6.311989e-001
4.547962475460835e-003 -6.162761e-001
4.556333011175120e-003 -6.010499e-001
4.564703546889406e-003 -5.855202e-001
4.573074082603691e-003 -5.696872e-001
4.581444618317977e-003 -5.535506e-001
4.589815154032262e-003 -5.371107e-001
4.602370957603691e-003 -5.118917e-001
4.614926761175119e-003 -4.861625e-001
4.627482564746547e-003 -4.599230e-001
4.640038368317976e-003 -4.331733e-001
4.652594171889404e-003 -4.059134e-001
4.665149975460832e-003 -3.781433e-001
4.677705779032261e-003 -3.498629e-001
4.707002654032260e-003 -2.825745e-001
4.722348636175116e-003 -2.464478e-001
4.737694618317974e-003 -2.100712e-001
4.753040600460830e-003 -1.734446e-001
4.768386582603687e-003 -1.365681e-001
4.783732564746544e-003 -9.944169e-002
4.799078546889401e-003 -6.206534e-002
4.814424529032258e-003 -2.443907e-002
4.833955779032257e-003 2.326198e-002
4.849301761175114e-003 6.083851e-002
4.864647743317971e-003 9.812226e-002
4.879993725460828e-003 1.351132e-001
4.895339707603684e-003 1.718114e-001
4.910685689746541e-003 2.082168e-001
4.926031671889398e-003 2.443294e-001
4.941377654032255e-003 2.801493e-001
4.969279439746540e-003 3.444492e-001
4.997181225460825e-003 4.058229e-001
5.025083011175110e-003 4.642703e-001
5.052984796889396e-003 5.197914e-001
5.080886582603680e-003 5.723862e-001
5.108788368317966e-003 6.220547e-001
5.136690154032251e-003 6.687968e-001
5.152036136175107e-003 6.924799e-001
5.167382118317965e-003 7.148279e-001
5.182728100460821e-003 7.358410e-001
5.198074082603678e-003 7.555190e-001
5.213420064746534e-003 7.738620e-001
5.228766046889392e-003 7.908701e-001
5.244112029032248e-003 8.065431e-001
5.252482564746534e-003 8.144480e-001
5.260853100460820e-003 8.219102e-001
5.269223636175105e-003 8.289295e-001
5.277594171889391e-003 8.355060e-001
5.285964707603676e-003 8.416398e-001
5.294335243317962e-003 8.473307e-001
5.302705779032247e-003 8.525788e-001
5.315261582603675e-003 8.595999e-001
5.327817386175104e-003 8.655788e-001
5.340373189746532e-003 8.705157e-001
5.352928993317961e-003 8.744105e-001
5.365484796889389e-003 8.772633e-001
5.378040600460817e-003 8.790739e-001
5.390596404032245e-003 8.798425e-001
5.419893279032245e-003 8.775268e-001
5.436634350460816e-003 8.735935e-001
5.453375421889387e-003 8.678499e-001
5.470116493317958e-003 8.602958e-001
5.486857564746529e-003 8.509314e-001
5.503598636175100e-003 8.397565e-001
5.520339707603671e-003 8.267711e-001
5.537080779032242e-003 8.119754e-001
5.553821850460813e-003 7.954048e-001
5.570562921889385e-003 7.772581e-001
5.587303993317956e-003 7.575353e-001
5.604045064746526e-003 7.362364e-001
5.620786136175097e-003 7.133614e-001
5.637527207603668e-003 6.889103e-001
5.654268279032240e-003 6.628831e-001
5.664033904032239e-003 6.470891e-001
5.673799529032239e-003 6.308610e-001
5.683565154032239e-003 6.141989e-001
5.693330779032239e-003 5.971026e-001
5.703096404032239e-003 5.795723e-001
5.712862029032238e-003 5.616079e-001
5.722627654032238e-003 5.432094e-001
5.735183457603666e-003 5.189481e-001
5.747739261175095e-003 4.941495e-001
5.760295064746523e-003 4.688139e-001
5.772850868317952e-003 4.429410e-001
5.785406671889380e-003 4.165311e-001
5.797962475460808e-003 3.895840e-001
5.810518279032236e-003 3.620997e-001
5.817493725460808e-003 3.466740e-001
5.824469171889379e-003 3.311374e-001
5.831444618317951e-003 3.154898e-001
5.838420064746521e-003 2.997313e-001
5.845395511175093e-003 2.838619e-001
5.852370957603664e-003 2.678816e-001
5.859346404032235e-003 2.517903e-001
5.873297296889378e-003 2.192496e-001
5.887248189746520e-003 1.865183e-001
5.901199082603663e-003 1.535964e-001
5.915149975460806e-003 1.204838e-001
5.929100868317948e-003 8.718054e-002
5.943051761175090e-003 5.368667e-002
5.957002654032233e-003 2.000217e-002
5.986299529032233e-003 -5.047394e-002
6.003040600460804e-003 -9.081318e-002
6.019781671889375e-003 -1.307311e-001
6.036522743317946e-003 -1.702276e-001
6.053263814746517e-003 -2.093028e-001
6.070004886175088e-003 -2.479566e-001
6.086745957603659e-003 -2.861891e-001
6.103487029032230e-003 -3.240003e-001
6.129993725460801e-003 -3.827521e-001
6.156500421889372e-003 -4.387127e-001
6.183007118317943e-003 -4.918821e-001
6.209513814746513e-003 -5.422602e-001
6.236020511175084e-003 -5.898472e-001
6.262527207603655e-003 -6.346429e-001
6.289033904032226e-003 -6.766474e-001
6.302984796889369e-003 -6.970175e-001
6.316935689746511e-003 -7.162784e-001
6.330886582603654e-003 -7.344301e-001
6.344837475460797e-003 -7.514725e-001
6.358788368317939e-003 -7.674056e-001
6.372739261175081e-003 -7.822296e-001
6.386690154032224e-003 -7.959443e-001
6.396455779032224e-003 -8.048089e-001
6.406221404032224e-003 -8.130710e-001
6.415987029032223e-003 -8.207307e-001
6.425752654032223e-003 -8.277878e-001
6.435518279032223e-003 -8.342426e-001
6.445283904032223e-003 -8.400948e-001
6.455049529032223e-003 -8.453446e-001
6.466210243317937e-003 -8.505808e-001
6.477370957603651e-003 -8.549971e-001
6.488531671889365e-003 -8.585934e-001
6.499692386175079e-003 -8.613699e-001
6.510853100460793e-003 -8.633265e-001
6.522013814746507e-003 -8.644633e-001
6.533174529032221e-003 -8.647801e-001
6.545730332603649e-003 -8.641341e-001
6.558286136175077e-003 -8.624544e-001
6.570841939746505e-003 -8.597408e-001
6.583397743317935e-003 -8.559933e-001
6.595953546889363e-003 -8.512121e-001
6.608509350460791e-003 -8.453970e-001
6.621065154032219e-003 -8.385481e-001
6.636411136175076e-003 -8.287595e-001
6.651757118317933e-003 -8.175370e-001
6.667103100460790e-003 -8.048806e-001
6.682449082603646e-003 -7.907901e-001
6.697795064746503e-003 -7.752657e-001
6.713141046889360e-003 -7.583073e-001
6.728487029032217e-003 -7.399150e-001
6.739647743317931e-003 -7.257113e-001
6.750808457603645e-003 -7.108542e-001
6.761969171889359e-003 -6.953439e-001
6.773129886175073e-003 -6.791802e-001
6.784290600460787e-003 -6.623633e-001
6.795451314746501e-003 -6.448931e-001
6.806612029032215e-003 -6.267697e-001
6.813587475460787e-003 -6.151519e-001
6.820562921889358e-003 -6.033170e-001
6.827538368317929e-003 -5.912648e-001
6.834513814746500e-003 -5.789954e-001
6.841489261175071e-003 -5.665088e-001
6.848464707603643e-003 -5.538050e-001
6.855440154032214e-003 -5.408839e-001
6.867995957603642e-003 -5.170678e-001
6.880551761175070e-003 -4.927055e-001
6.893107564746499e-003 -4.677970e-001
6.905663368317928e-003 -4.423422e-001
6.918219171889356e-003 -4.163413e-001
6.930774975460784e-003 -3.897940e-001
6.943330779032212e-003 -3.627006e-001
6.951701314746497e-003 -3.444211e-001
6.960071850460783e-003 -3.259829e-001
6.968442386175069e-003 -3.073861e-001
6.976812921889355e-003 -2.886305e-001
6.985183457603640e-003 -2.697162e-001
6.993553993317926e-003 -2.506432e-001
7.001924529032211e-003 -2.314116e-001
7.014480332603639e-003 -2.022853e-001
7.027036136175067e-003 -1.730061e-001
7.039591939746496e-003 -1.435740e-001
7.052147743317925e-003 -1.139891e-001
7.064703546889353e-003 -8.425118e-002
7.077259350460781e-003 -5.436041e-002
7.089815154032209e-003 -2.431673e-002
7.119112029032208e-003 4.561907e-002
7.135853100460780e-003 8.568163e-002
7.152594171889351e-003 1.253466e-001
7.169335243317922e-003 1.646140e-001
7.186076314746492e-003 2.034838e-001
7.202817386175064e-003 2.419560e-001
7.219558457603635e-003 2.800306e-001
7.236299529032206e-003 3.177076e-001
7.262806225460777e-003 3.762990e-001
7.289312921889348e-003 4.321538e-001
7.315819618317919e-003 4.852718e-001
7.342326314746489e-003 5.356532e-001
7.368833011175060e-003 5.832979e-001
7.395339707603631e-003 6.282060e-001
7.421846404032202e-003 6.703774e-001
7.435797296889345e-003 6.908532e-001
7.449748189746487e-003 7.102315e-001
7.463699082603630e-003 7.285122e-001
7.477649975460772e-003 7.456954e-001
7.491600868317915e-003 7.617810e-001
7.505551761175057e-003 7.767691e-001
7.519502654032200e-003 7.906597e-001
7.527873189746485e-003 7.984012e-001
7.536243725460771e-003 8.057051e-001
7.544614261175056e-003 8.125714e-001
7.552984796889342e-003 8.190003e-001
7.561355332603627e-003 8.249915e-001
7.569725868317914e-003 8.305452e-001
7.578096404032199e-003 8.356614e-001
7.590652207603627e-003 8.424943e-001
7.603208011175055e-003 8.482965e-001
7.615763814746483e-003 8.530680e-001
7.628319618317912e-003 8.568087e-001
7.640875421889340e-003 8.595187e-001
7.653431225460769e-003 8.611980e-001
7.665987029032197e-003 8.618466e-001
7.677147743317911e-003 8.615355e-001
7.688308457603625e-003 8.604079e-001
7.699469171889339e-003 8.584639e-001
7.710629886175053e-003 8.557034e-001
7.721790600460767e-003 8.521265e-001
7.732951314746481e-003 8.477331e-001
7.744112029032195e-003 8.425232e-001
7.760853100460766e-003 8.331413e-001
7.777594171889338e-003 8.220430e-001
7.794335243317909e-003 8.092282e-001
7.811076314746480e-003 7.946971e-001
7.827817386175051e-003 7.784495e-001
7.844558457603623e-003 7.604855e-001
7.861299529032194e-003 7.408051e-001
7.873855332603623e-003 7.250076e-001
7.886411136175050e-003 7.083886e-001
7.898966939746479e-003 6.909480e-001
7.911522743317906e-003 6.726859e-001
7.924078546889335e-003 6.536023e-001
7.936634350460763e-003 6.336971e-001
7.949190154032192e-003 6.129705e-001
7.957560689746478e-003 5.987578e-001
7.965931225460762e-003 5.842440e-001
7.974301761175048e-003 5.694292e-001
7.982672296889334e-003 5.543133e-001
7.991042832603620e-003 5.388963e-001
7.999413368317904e-003 5.231783e-001
8.007783904032190e-003 5.071592e-001
8.018944618317904e-003 4.853517e-001
8.030105332603619e-003 4.631357e-001
8.041266046889333e-003 4.405112e-001
8.052426761175046e-003 4.174782e-001
8.063587475460760e-003 3.940368e-001
8.074748189746475e-003 3.701869e-001
8.085908904032189e-003 3.459285e-001
8.115205779032188e-003 2.808873e-001
8.130551761175045e-003 2.458935e-001
8.145897743317901e-003 2.106170e-001
8.161243725460758e-003 1.750578e-001
8.176589707603616e-003 1.392159e-001
8.191935689746473e-003 1.030913e-001
8.207281671889329e-003 6.668398e-002
8.222627654032186e-003 2.999395e-002
8.229603100460756e-003 1.335311e-002
8.236578546889329e-003 -3.277272e-003
8.243553993317899e-003 -1.989720e-002
8.250529439746471e-003 -3.650666e-002
8.257504886175042e-003 -5.310567e-002
8.264480332603614e-003 -6.969423e-002
8.271455779032185e-003 -8.627232e-002
8.290987029032184e-003 -1.327845e-001
8.310518279032184e-003 -1.785818e-001
8.330049529032184e-003 -2.236642e-001
8.349580779032183e-003 -2.680318e-001
8.369112029032183e-003 -3.116845e-001
8.388643279032182e-003 -3.546223e-001
8.408174529032182e-003 -3.968453e-001
8.431891046889324e-003 -4.466291e-001
8.455607564746467e-003 -4.940138e-001
8.479324082603610e-003 -5.389994e-001
8.503040600460751e-003 -5.815858e-001
8.526757118317893e-003 -6.217730e-001
8.550473636175036e-003 -6.595611e-001
8.574190154032178e-003 -6.949501e-001
8.586745957603607e-003 -7.122927e-001
8.599301761175035e-003 -7.287304e-001
8.611857564746464e-003 -7.442632e-001
8.624413368317891e-003 -7.588910e-001
8.636969171889320e-003 -7.726140e-001
8.649524975460747e-003 -7.854320e-001
8.662080779032176e-003 -7.973452e-001
8.673241493317890e-003 -8.071085e-001
8.684402207603605e-003 -8.160839e-001
8.695562921889319e-003 -8.242715e-001
8.706723636175032e-003 -8.316712e-001
8.717884350460746e-003 -8.382830e-001
8.729045064746461e-003 -8.441069e-001
8.740205779032175e-003 -8.491430e-001
8.749971404032175e-003 -8.528754e-001
8.759737029032174e-003 -8.559817e-001
8.769502654032174e-003 -8.584616e-001
8.779268279032174e-003 -8.603153e-001
8.789033904032174e-003 -8.615427e-001
8.798799529032174e-003 -8.621439e-001
8.808565154032173e-003 -8.621188e-001
8.822516046889316e-003 -8.609721e-001
8.836466939746459e-003 -8.585586e-001
8.850417832603602e-003 -8.548785e-001
8.864368725460743e-003 -8.499316e-001
8.878319618317886e-003 -8.437180e-001
8.892270511175028e-003 -8.362377e-001
8.906221404032171e-003 -8.274907e-001
8.921567386175028e-003 -8.164036e-001
8.936913368317884e-003 -8.039102e-001
8.952259350460741e-003 -7.900104e-001
8.967605332603599e-003 -7.747043e-001
8.982951314746456e-003 -7.579918e-001
8.998297296889312e-003 -7.398729e-001
9.013643279032169e-003 -7.203476e-001
9.024803993317883e-003 -7.053433e-001
9.035964707603598e-003 -6.897061e-001
9.047125421889311e-003 -6.734360e-001
9.058286136175025e-003 -6.565330e-001
9.069446850460738e-003 -6.389972e-001
9.080607564746454e-003 -6.208285e-001
9.091768279032167e-003 -6.020269e-001
9.102928993317881e-003 -5.826436e-001
9.114089707603596e-003 -5.627539e-001
9.125250421889310e-003 -5.423580e-001
9.136411136175023e-003 -5.214558e-001
9.147571850460737e-003 -5.000474e-001
9.158732564746452e-003 -4.781327e-001
9.169893279032166e-003 -4.557117e-001
9.178263814746452e-003 -4.386239e-001
9.186634350460736e-003 -4.213246e-001
9.195004886175022e-003 -4.038137e-001
9.203375421889308e-003 -3.860913e-001
9.211745957603594e-003 -3.681572e-001
9.220116493317878e-003 -3.500115e-001
9.228487029032164e-003 -3.316543e-001
9.238252654032164e-003 -3.100010e-001
9.248018279032164e-003 -2.881617e-001
9.257783904032164e-003 -2.661363e-001
9.267549529032164e-003 -2.439250e-001
9.277315154032163e-003 -2.215277e-001
9.287080779032163e-003 -1.989444e-001
9.296846404032163e-003 -1.761751e-001
9.306612029032163e-003 -1.532757e-001
9.316377654032162e-003 -1.303064e-001
9.326143279032162e-003 -1.072671e-001
9.335908904032162e-003 -8.415788e-002
9.345674529032162e-003 -6.097873e-002
9.355440154032162e-003 -3.772965e-002
9.365205779032161e-003 -1.441062e-002
9.373576314746447e-003 5.576788e-003
9.381946850460732e-003 2.553469e-002
9.390317386175018e-003 4.546308e-002
9.398687921889304e-003 6.536196e-002
9.407058457603590e-003 8.523134e-002
9.415428993317874e-003 1.050712e-001
9.423799529032160e-003 1.248816e-001
9.444725868317874e-003 1.744210e-001
9.465652207603589e-003 2.229810e-001
9.486578546889302e-003 2.705617e-001
9.507504886175015e-003 3.171630e-001
9.528431225460729e-003 3.627849e-001
9.549357564746444e-003 4.074274e-001
9.570283904032157e-003 4.510906e-001
9.592605332603586e-003 4.959583e-001
9.614926761175013e-003 5.385586e-001
9.637248189746442e-003 5.788916e-001
9.659569618317869e-003 6.169571e-001
9.681891046889298e-003 6.527553e-001
9.704212475460725e-003 6.862860e-001
9.726533904032154e-003 7.175493e-001
9.775362029032153e-003 7.754936e-001
9.785127654032153e-003 7.854189e-001
9.794893279032152e-003 7.947860e-001
9.804658904032152e-003 8.035592e-001
9.814424529032152e-003 8.117385e-001
9.824190154032152e-003 8.193238e-001
9.833955779032151e-003 8.263153e-001
9.843721404032151e-003 8.327128e-001
9.853487029032151e-003 8.385164e-001
9.864647743317865e-003 8.443943e-001
9.875808457603580e-003 8.494586e-001
9.886969171889293e-003 8.537095e-001
9.898129886175007e-003 8.571468e-001
9.909290600460721e-003 8.597706e-001
9.920451314746436e-003 8.615808e-001
9.931612029032149e-003 8.625776e-001
9.939982564746435e-003 8.627794e-001
9.948353100460720e-003 8.625204e-001
9.956723636175006e-003 8.618005e-001
9.965094171889292e-003 8.606196e-001
9.973464707603578e-003 8.589779e-001
9.981835243317862e-003 8.568752e-001
9.990205779032148e-003 8.543116e-001
9.999971404032148e-003 8.508995e-001
1.000000000000000e-002 8.508886e-001
