0.000000000000000e+000 0.000000e+000
9.765625114122045e-011 1.917251e-008
1.953125022824409e-010 4.101073e-008
3.818235529104272e-007 6.879983e-006
7.634517933185719e-007 1.198492e-005
1.145080033726717e-006 1.535584e-005
1.526708274134861e-006 1.699272e-005
1.908336514543006e-006 1.689557e-005
2.289964754951151e-006 1.506439e-005
2.671592995359295e-006 1.149918e-005
4.978978635208519e-006 1.237177e-005
7.989868578213340e-006 1.444849e-005
1.143804703084102e-005 1.861079e-005
1.464707050289986e-005 2.504623e-005
1.846921905166262e-005 3.714227e-005
2.302693579091828e-005 5.941405e-005
2.889896264838139e-005 1.034960e-004
3.610210187405885e-005 1.866981e-004
4.528743125692854e-005 3.462360e-004
5.505305625692854e-005 5.913185e-004
6.481868125692854e-005 9.300570e-004
7.458430625692854e-005 1.376992e-003
8.434993125692853e-005 1.944467e-003
9.411555625692853e-005 2.643702e-003
1.038811812569285e-004 3.484775e-003
1.136468062569285e-004 4.476614e-003
1.234124312569285e-004 5.626993e-003
1.331780562569285e-004 6.942521e-003
1.429436812569285e-004 8.428652e-003
1.527093062569285e-004 1.008968e-002
1.624749312569286e-004 1.192874e-002
1.722405562569286e-004 1.394784e-002
1.820061812569286e-004 1.614784e-002
1.917718062569286e-004 1.852850e-002
2.015374312569286e-004 2.108848e-002
2.113030562569286e-004 2.382535e-002
2.210686812569286e-004 2.673564e-002
2.308343062569286e-004 2.981484e-002
2.405999312569286e-004 3.305747e-002
2.503655562569286e-004 3.645702e-002
2.601311812569286e-004 4.000612e-002
2.698968062569286e-004 4.369643e-002
2.796624312569286e-004 4.751879e-002
2.894280562569286e-004 5.146318e-002
3.089593062569287e-004 5.967419e-002
3.284905562569287e-004 6.823447e-002
3.480218062569287e-004 7.703854e-002
3.675530562569287e-004 8.597196e-002
3.870843062569287e-004 9.491286e-002
4.066155562569287e-004 1.037335e-001
4.359124312569288e-004 1.164500e-001
4.652093062569288e-004 1.281449e-001
4.945061812569288e-004 1.383643e-001
5.140374312569288e-004 1.441387e-001
5.335686812569288e-004 1.489352e-001
5.530999312569288e-004 1.526348e-001
5.726311812569288e-004 1.551263e-001
5.921624312569289e-004 1.563072e-001
6.116936812569289e-004 1.560858e-001
6.312249312569289e-004 1.543813e-001
6.507561812569289e-004 1.511258e-001
6.605218062569289e-004 1.488988e-001
6.800530562569289e-004 1.432185e-001
6.995843062569289e-004 1.358769e-001
7.191155562569290e-004 1.268560e-001
7.386468062569290e-004 1.161528e-001
7.581780562569290e-004 1.037805e-001
7.777093062569290e-004 8.976787e-002
7.874749312569290e-004 8.215986e-002
7.972405562569290e-004 7.415985e-002
8.070061812569290e-004 6.577589e-002
8.167718062569291e-004 5.701705e-002
8.265374312569291e-004 4.789333e-002
8.363030562569291e-004 3.841568e-002
8.460686812569291e-004 2.859597e-002
8.558343062569291e-004 1.844702e-002
8.655999312569291e-004 7.982488e-003
8.753655562569291e-004 -2.783054e-003
8.851311812569291e-004 -1.383421e-002
8.948968062569291e-004 -2.515475e-002
9.046624312569291e-004 -3.672767e-002
9.241936812569291e-004 -6.055875e-002
9.534905562569292e-004 -9.773049e-002
9.827874312569292e-004 -1.361170e-001
1.012084306256929e-003 -1.751205e-001
1.041381181256929e-003 -2.141078e-001
1.060912431256929e-003 -2.397663e-001
1.080443681256929e-003 -2.649270e-001
1.099974931256929e-003 -2.893900e-001
1.119506181256929e-003 -3.129559e-001
1.139037431256929e-003 -3.354270e-001
1.158568681256929e-003 -3.566093e-001
1.168334306256929e-003 -3.666578e-001
1.178099931256929e-003 -3.763136e-001
1.187865556256929e-003 -3.855540e-001
1.197631181256929e-003 -3.943570e-001
1.207396806256929e-003 -4.027009e-001
1.217162431256929e-003 -4.105647e-001
1.226928056256929e-003 -4.179279e-001
1.236693681256929e-003 -4.247710e-001
1.256224931256929e-003 -4.368211e-001
1.285521806256930e-003 -4.505439e-001
1.314818681256930e-003 -4.586704e-001
1.344115556256930e-003 -4.608491e-001
1.373412431256930e-003 -4.568105e-001
1.402709306256930e-003 -4.463731e-001
1.432006181256930e-003 -4.294479e-001
1.461303056256930e-003 -4.060416e-001
1.490599931256930e-003 -3.762586e-001
1.519896806256930e-003 -3.403012e-001
1.549193681256930e-003 -2.984685e-001
1.578490556256930e-003 -2.511534e-001
1.607787431256930e-003 -1.988389e-001
1.627318681256930e-003 -1.614620e-001
1.646849931256930e-003 -1.223011e-001
1.666381181256930e-003 -8.155804e-002
1.685912431256930e-003 -3.944780e-002
1.695678056256930e-003 -1.795043e-002
1.705443681256930e-003 3.802811e-003
1.715209306256930e-003 2.578193e-002
1.734740556256930e-003 7.029501e-002
1.764037431256930e-003 1.379782e-001
1.793334306256930e-003 2.059790e-001
1.822631181256930e-003 2.734005e-001
1.851928056256930e-003 3.393352e-001
1.881224931256930e-003 4.028775e-001
1.910521806256930e-003 4.631361e-001
1.939818681256930e-003 5.192472e-001
1.969115556256930e-003 5.703866e-001
1.998412431256929e-003 6.157817e-001
2.027709306256929e-003 6.547230e-001
2.057006181256928e-003 6.865747e-001
2.076537431256928e-003 7.035938e-001
2.096068681256927e-003 7.170732e-001
2.105834306256927e-003 7.224465e-001
2.125365556256927e-003 7.303934e-001
2.154662431256926e-003 7.351524e-001
2.183959306256925e-003 7.311308e-001
2.213256181256925e-003 7.182207e-001
2.242553056256924e-003 6.964288e-001
2.271849931256923e-003 6.658773e-001
2.301146806256923e-003 6.268039e-001
2.330443681256922e-003 5.795596e-001
2.359740556256922e-003 5.246058e-001
2.389037431256921e-003 4.625092e-001
2.418334306256920e-003 3.939356e-001
2.447631181256920e-003 3.196421e-001
2.476928056256919e-003 2.404682e-001
2.506224931256918e-003 1.573259e-001
2.525756181256918e-003 1.001713e-001
2.545287431256918e-003 4.198554e-002
2.555053056256917e-003 1.260224e-002
2.574584306256917e-003 -4.654886e-002
2.603881181256916e-003 -1.356386e-001
2.633178056256916e-003 -2.241968e-001
2.662474931256915e-003 -3.111318e-001
2.691771806256915e-003 -3.953612e-001
2.721068681256914e-003 -4.758252e-001
2.750365556256913e-003 -5.515008e-001
2.779662431256913e-003 -6.214152e-001
2.808959306256912e-003 -6.846583e-001
2.838256181256911e-003 -7.403946e-001
2.867553056256911e-003 -7.878749e-001
2.896849931256910e-003 -8.264458e-001
2.926146806256910e-003 -8.555592e-001
2.955443681256909e-003 -8.747795e-001
2.974974931256908e-003 -8.819355e-001
3.004271806256908e-003 -8.840246e-001
3.033568681256907e-003 -8.756530e-001
3.062865556256907e-003 -8.568405e-001
3.092162431256906e-003 -8.277357e-001
3.121459306256905e-003 -7.886150e-001
3.150756181256905e-003 -7.398798e-001
3.180053056256904e-003 -6.820527e-001
3.209349931256903e-003 -6.157708e-001
3.238646806256903e-003 -5.417794e-001
3.267943681256902e-003 -4.609227e-001
3.297240556256902e-003 -3.741340e-001
3.326537431256901e-003 -2.824247e-001
3.355834306256900e-003 -1.868722e-001
3.375365556256900e-003 -1.215917e-001
3.404662431256899e-003 -2.216516e-002
3.433959306256899e-003 7.801083e-002
3.463256181256898e-003 1.777335e-001
3.492553056256897e-003 2.757997e-001
3.521849931256897e-003 3.710206e-001
3.551146806256896e-003 4.622368e-001
3.580443681256896e-003 5.483321e-001
3.609740556256895e-003 6.282480e-001
3.639037431256894e-003 7.009965e-001
3.668334306256894e-003 7.656729e-001
3.697631181256893e-003 8.214669e-001
3.726928056256892e-003 8.676733e-001
3.756224931256892e-003 9.037003e-001
3.785521806256891e-003 9.290781e-001
3.814818681256891e-003 9.434645e-001
3.844115556256890e-003 9.466493e-001
3.873412431256889e-003 9.385579e-001
3.902709306256889e-003 9.192525e-001
3.932006181256888e-003 8.889310e-001
3.961303056256887e-003 8.479264e-001
3.990599931256887e-003 7.967018e-001
4.019896806256886e-003 7.358456e-001
4.049193681256886e-003 6.660649e-001
4.078490556256885e-003 5.881768e-001
4.107787431256884e-003 5.030989e-001
4.137084306256884e-003 4.118384e-001
4.166381181256883e-003 3.154799e-001
4.195678056256882e-003 2.151722e-001
4.215209306256882e-003 1.466972e-001
4.244506181256881e-003 4.249160e-002
4.273803056256881e-003 -6.239175e-002
4.303099931256880e-003 -1.666908e-001
4.332396806256880e-003 -2.691479e-001
4.361693681256879e-003 -3.685252e-001
4.390990556256878e-003 -4.636198e-001
4.420287431256878e-003 -5.532786e-001
4.449584306256877e-003 -6.364118e-001
4.478881181256876e-003 -7.120073e-001
4.508178056256876e-003 -7.791423e-001
4.537474931256875e-003 -8.369950e-001
4.566771806256875e-003 -8.848550e-001
4.596068681256874e-003 -9.221315e-001
4.625365556256873e-003 -9.483613e-001
4.654662431256873e-003 -9.632143e-001
4.683959306256872e-003 -9.664978e-001
4.713256181256871e-003 -9.581591e-001
4.742553056256871e-003 -9.382859e-001
4.771849931256870e-003 -9.071064e-001
4.801146806256870e-003 -8.649854e-001
4.830443681256869e-003 -8.124211e-001
4.859740556256868e-003 -7.500387e-001
4.889037431256868e-003 -6.785831e-001
4.918334306256867e-003 -5.989099e-001
4.947631181256866e-003 -5.119750e-001
4.976928056256866e-003 -4.188236e-001
5.006224931256865e-003 -3.205768e-001
5.035521806256865e-003 -2.184188e-001
5.064818681256864e-003 -1.135821e-001
5.094115556256863e-003 -7.332638e-003
5.123412431256863e-003 9.904537e-002
5.152709306256862e-003 2.042652e-001
5.182006181256861e-003 3.070534e-001
5.211303056256861e-003 4.061646e-001
5.240599931256860e-003 5.003979e-001
5.269896806256860e-003 5.886100e-001
5.299193681256859e-003 6.697304e-001
5.328490556256858e-003 7.427738e-001
5.357787431256858e-003 8.068522e-001
5.387084306256857e-003 8.611861e-001
5.416381181256856e-003 9.051136e-001
5.445678056256856e-003 9.380988e-001
5.474974931256855e-003 9.597381e-001
5.504271806256855e-003 9.697657e-001
5.533568681256854e-003 9.680563e-001
5.562865556256853e-003 9.546272e-001
5.592162431256853e-003 9.296378e-001
5.621459306256852e-003 8.933879e-001
5.650756181256851e-003 8.463141e-001
5.680053056256851e-003 7.889847e-001
5.709349931256850e-003 7.220925e-001
5.738646806256850e-003 6.464468e-001
5.767943681256849e-003 5.629633e-001
5.797240556256848e-003 4.726533e-001
5.826537431256848e-003 3.766112e-001
5.855834306256847e-003 2.760014e-001
5.885131181256846e-003 1.720440e-001
5.914428056256846e-003 6.600010e-002
5.943724931256845e-003 -4.084346e-002
5.973021806256845e-003 -1.471899e-001
6.002318681256844e-003 -2.517481e-001
6.031615556256843e-003 -3.532486e-001
6.060912431256843e-003 -4.504586e-001
6.090209306256842e-003 -5.421973e-001
6.119506181256841e-003 -6.273502e-001
6.148803056256841e-003 -7.048825e-001
6.178099931256840e-003 -7.738520e-001
6.207396806256840e-003 -8.334203e-001
6.236693681256839e-003 -8.828633e-001
6.265990556256838e-003 -9.215796e-001
6.295287431256838e-003 -9.490984e-001
6.324584306256837e-003 -9.650848e-001
6.353881181256836e-003 -9.693441e-001
6.383178056256836e-003 -9.618242e-001
6.412474931256835e-003 -9.426161e-001
6.441771806256835e-003 -9.119531e-001
6.471068681256834e-003 -8.702075e-001
6.500365556256833e-003 -8.178869e-001
6.529662431256833e-003 -7.556272e-001
6.558959306256832e-003 -6.841851e-001
6.588256181256831e-003 -6.044294e-001
6.617553056256831e-003 -5.173298e-001
6.646849931256830e-003 -4.239455e-001
6.666381181256830e-003 -3.587559e-001
6.695678056256829e-003 -2.574526e-001
6.724974931256829e-003 -1.530253e-001
6.754271806256828e-003 -4.674422e-002
6.783568681256827e-003 6.009780e-002
6.812865556256827e-003 1.662011e-001
6.842162431256826e-003 2.702748e-001
6.871459306256825e-003 3.710529e-001
6.900756181256825e-003 4.673094e-001
6.930053056256824e-003 5.578731e-001
6.959349931256824e-003 6.416423e-001
6.988646806256823e-003 7.175978e-001
7.017943681256822e-003 7.848155e-001
7.047240556256822e-003 8.424776e-001
7.076537431256821e-003 8.898827e-001
7.105834306256820e-003 9.264541e-001
7.135131181256820e-003 9.517471e-001
7.164428056256819e-003 9.654541e-001
7.193724931256819e-003 9.674087e-001
7.223021806256818e-003 9.575873e-001
7.252318681256817e-003 9.361100e-001
7.281615556256817e-003 9.032386e-001
7.310912431256816e-003 8.593736e-001
7.340209306256815e-003 8.050494e-001
7.369506181256815e-003 7.409277e-001
7.398803056256814e-003 6.677895e-001
7.428099931256814e-003 5.865256e-001
7.457396806256813e-003 4.981256e-001
7.486693681256812e-003 4.036662e-001
7.515990556256812e-003 3.042977e-001
7.545287431256811e-003 2.012304e-001
7.574584306256810e-003 9.571924e-002
7.603881181256810e-003 -1.095076e-002
7.633178056256809e-003 -1.174806e-001
7.662474931256809e-003 -2.225730e-001
7.691771806256808e-003 -3.249481e-001
7.721068681256807e-003 -4.233593e-001
7.750365556256807e-003 -5.166083e-001
7.779662431256806e-003 -6.035595e-001
7.808959306256805e-003 -6.831540e-001
7.838256181256805e-003 -7.544229e-001
7.867553056256804e-003 -8.164983e-001
7.896849931256804e-003 -8.686243e-001
7.926146806256803e-003 -9.101666e-001
7.955443681256802e-003 -9.406193e-001
7.984740556256802e-003 -9.596119e-001
8.014037431256801e-003 -9.669133e-001
8.043334306256800e-003 -9.624352e-001
8.072631181256800e-003 -9.462322e-001
8.101928056256799e-003 -9.185022e-001
8.131224931256799e-003 -8.795832e-001
8.160521806256798e-003 -8.299497e-001
8.189818681256797e-003 -7.702067e-001
8.219115556256797e-003 -7.010822e-001
8.248412431256796e-003 -6.234186e-001
8.277709306256795e-003 -5.381621e-001
8.307006181256795e-003 -4.463517e-001
8.336303056256794e-003 -3.491060e-001
8.365599931256794e-003 -2.476099e-001
8.394896806256793e-003 -1.431000e-001
8.424193681256792e-003 -3.684966e-002
8.443724931256792e-003 3.431199e-002
8.473021806256791e-003 1.405832e-001
8.502318681256791e-003 2.451386e-001
8.531615556256790e-003 3.467044e-001
8.560912431256789e-003 4.440433e-001
8.590209306256789e-003 5.359695e-001
8.619506181256788e-003 6.213629e-001
8.648803056256788e-003 6.991835e-001
8.678099931256787e-003 7.684831e-001
8.707396806256786e-003 8.284175e-001
8.736693681256786e-003 8.782568e-001
8.765990556256785e-003 9.173939e-001
8.795287431256784e-003 9.453520e-001
8.824584306256784e-003 9.617908e-001
8.853881181256783e-003 9.665102e-001
8.883178056256783e-003 9.594529e-001
8.912474931256782e-003 9.407051e-001
8.941771806256781e-003 9.104954e-001
8.971068681256781e-003 8.691921e-001
9.000365556256780e-003 8.172988e-001
9.029662431256779e-003 7.554477e-001
9.058959306256779e-003 6.843929e-001
9.088256181256778e-003 6.050003e-001
9.117553056256778e-003 5.182372e-001
9.146849931256777e-003 4.251611e-001
9.166381181256776e-003 3.601605e-001
9.195678056256776e-003 2.591150e-001
9.224974931256775e-003 1.549142e-001
9.254271806256775e-003 4.882769e-002
9.283568681256774e-003 -5.785169e-002
9.312865556256773e-003 -1.638240e-001
9.342162431256773e-003 -2.677980e-001
9.371459306256772e-003 -3.685067e-001
9.400756181256771e-003 -4.647230e-001
9.430053056256771e-003 -5.552745e-001
9.459349931256770e-003 -6.390578e-001
9.488646806256770e-003 -7.150519e-001
9.517943681256769e-003 -7.823312e-001
9.547240556256768e-003 -8.400757e-001
9.576537431256768e-003 -8.875819e-001
9.605834306256767e-003 -9.242710e-001
9.635131181256766e-003 -9.496959e-001
9.664428056256766e-003 -9.635472e-001
9.693724931256765e-003 -9.656559e-001
9.723021806256765e-003 -9.559966e-001
9.752318681256764e-003 -9.346870e-001
9.781615556256763e-003 -9.019868e-001
9.810912431256763e-003 -8.582948e-001
9.840209306256762e-003 -8.041433e-001
9.869506181256761e-003 -7.401925e-001
9.898803056256761e-003 -6.672215e-001
9.928099931256760e-003 -5.861197e-001
9.957396806256760e-003 -4.978755e-001
9.986693681256759e-003 -4.035642e-001
9.996459306256759e-003 -3.710544e-001
1.000000000000000e-002 -3.591540e-001
