0.000000000000000e+000 0.000000e+000
9.765625114122045e-011 2.033956e-008
1.953125022824409e-010 4.334717e-008
9.765625000000001e-009 2.396062e-006
1.864683164796316e-008 4.268802e-006
2.752803829592631e-008 5.918653e-006
3.640924494388947e-008 7.345615e-006
4.529045159185262e-008 8.549688e-006
5.417165823981578e-008 9.530872e-006
6.305286488777894e-008 1.028917e-005
7.193407153574207e-008 1.082457e-005
9.716637929578848e-008 1.162837e-005
1.276512016608646e-007 1.168138e-005
2.255452622764838e-007 1.095802e-005
6.099446328700079e-006 1.232150e-004
1.197334739512368e-005 3.965957e-004
1.784724846154727e-005 8.311001e-004
2.372114952797087e-005 1.426728e-003
2.959505059439446e-005 2.183480e-003
3.546895166081805e-005 3.101355e-003
4.134285272724164e-005 4.180355e-003
5.110847772724164e-005 6.260026e-003
6.087410272724164e-005 8.702019e-003
7.063972772724164e-005 1.150331e-002
8.040535272724163e-005 1.464422e-002
9.017097772724163e-005 1.810534e-002
9.993660272724162e-005 2.186762e-002
1.097022277272416e-004 2.591227e-002
1.194678527272416e-004 3.022085e-002
1.292334777272416e-004 3.477523e-002
1.389991027272416e-004 3.955762e-002
1.487647277272416e-004 4.455057e-002
1.585303527272416e-004 4.973694e-002
1.682959777272416e-004 5.509998e-002
1.780616027272417e-004 6.062325e-002
1.878272277272417e-004 6.629068e-002
1.975928527272417e-004 7.208657e-002
2.073584777272417e-004 7.799553e-002
2.171241027272417e-004 8.400258e-002
2.268897277272417e-004 9.009309e-002
2.366553527272417e-004 9.625279e-002
2.561866027272417e-004 1.087245e-001
2.757178527272417e-004 1.213109e-001
2.952491027272417e-004 1.339111e-001
3.147803527272418e-004 1.464302e-001
3.343116027272418e-004 1.587792e-001
3.636084777272418e-004 1.768031e-001
3.929053527272418e-004 1.940024e-001
4.222022277272418e-004 2.101500e-001
4.501040134415276e-004 2.246033e-001
4.780057991558133e-004 2.375214e-001
5.059075848700991e-004 2.489041e-001
5.338093705843848e-004 2.587515e-001
5.617111562986705e-004 2.670636e-001
5.896129420129564e-004 2.738404e-001
6.175147277272420e-004 2.790818e-001
6.440214241558134e-004 2.822249e-001
6.705281205843849e-004 2.838319e-001
6.970348170129563e-004 2.839029e-001
7.235415134415279e-004 2.824377e-001
7.500482098700993e-004 2.794365e-001
7.765549062986707e-004 2.748993e-001
8.030616027272421e-004 2.688259e-001
8.295682991558136e-004 2.612365e-001
8.560749955843851e-004 2.524937e-001
8.825816920129565e-004 2.425975e-001
9.090883884415280e-004 2.315478e-001
9.355950848700995e-004 2.193448e-001
9.621017812986709e-004 2.059883e-001
9.886084777272423e-004 1.914784e-001
1.013720084870100e-003 1.769286e-001
1.038831692012957e-003 1.618862e-001
1.063943299155814e-003 1.463512e-001
1.089054906298671e-003 1.303237e-001
1.114166513441528e-003 1.138035e-001
1.139278120584385e-003 9.679068e-002
1.164389727727242e-003 7.928530e-002
1.179735709870100e-003 6.855721e-002
1.195081692012957e-003 5.781050e-002
1.210427674155814e-003 4.704517e-002
1.225773656298671e-003 3.626122e-002
1.241119638441528e-003 2.545865e-002
1.256465620584385e-003 1.463746e-002
1.271811602727243e-003 3.797656e-003
1.291342852727243e-003 -9.885230e-003
1.309479013441528e-003 -2.256274e-002
1.327615174155814e-003 -3.507328e-002
1.345751334870100e-003 -4.741684e-002
1.363887495584385e-003 -5.959343e-002
1.382023656298671e-003 -7.160305e-002
1.400159817012957e-003 -8.344569e-002
1.418295977727243e-003 -9.512136e-002
1.446197763441529e-003 -1.126537e-001
1.474099549155814e-003 -1.294056e-001
1.502001334870100e-003 -1.453771e-001
1.529903120584386e-003 -1.605680e-001
1.557804906298671e-003 -1.749786e-001
1.585706692012957e-003 -1.886087e-001
1.613608477727243e-003 -2.014583e-001
1.623374102727243e-003 -2.056947e-001
1.633139727727243e-003 -2.098158e-001
1.652670977727243e-003 -2.177070e-001
1.672202227727243e-003 -2.251232e-001
1.691733477727243e-003 -2.320573e-001
1.721030352727243e-003 -2.415414e-001
1.750327227727243e-003 -2.499125e-001
1.779624102727243e-003 -2.571621e-001
1.817291513441528e-003 -2.647203e-001
1.854958924155814e-003 -2.705302e-001
1.892626334870099e-003 -2.745916e-001
1.930293745584385e-003 -2.769046e-001
1.967961156298671e-003 -2.774692e-001
2.005628567012956e-003 -2.762854e-001
2.043295977727241e-003 -2.733532e-001
2.071197763441527e-003 -2.701989e-001
2.099099549155812e-003 -2.663514e-001
2.127001334870097e-003 -2.618108e-001
2.154903120584382e-003 -2.565771e-001
2.182804906298667e-003 -2.506502e-001
2.210706692012952e-003 -2.440303e-001
2.238608477727237e-003 -2.367173e-001
2.267905352727237e-003 -2.285714e-001
2.287436602727236e-003 -2.228370e-001
2.297202227727236e-003 -2.198846e-001
2.306967852727236e-003 -2.168782e-001
2.326499102727235e-003 -2.107111e-001
2.346030352727235e-003 -2.043518e-001
2.375327227727234e-003 -1.944876e-001
2.404624102727234e-003 -1.842811e-001
2.442291513441519e-003 -1.704846e-001
2.479958924155804e-003 -1.565823e-001
2.517626334870089e-003 -1.425740e-001
2.555293745584374e-003 -1.284598e-001
2.592961156298658e-003 -1.142397e-001
2.630628567012943e-003 -9.991370e-002
2.668295977727228e-003 -8.548176e-002
2.696197763441513e-003 -7.504297e-002
2.724099549155798e-003 -6.482965e-002
2.752001334870084e-003 -5.484179e-002
2.779903120584368e-003 -4.507939e-002
2.807804906298653e-003 -3.554245e-002
2.835706692012939e-003 -2.623096e-002
2.863608477727224e-003 -1.714494e-002
2.883139727727223e-003 -1.101311e-002
2.902670977727223e-003 -5.039499e-003
2.912436602727223e-003 -2.113946e-003
2.922202227727223e-003 7.698080e-004
2.931967852727222e-003 3.611078e-003
2.951499102727222e-003 9.163575e-003
2.971030352727222e-003 1.453866e-002
3.000327227727221e-003 2.225913e-002
3.029624102727220e-003 2.955770e-002
3.058920977727220e-003 3.642375e-002
3.103563834870076e-003 4.601901e-002
3.148206692012932e-003 5.457981e-002
3.192849549155788e-003 6.210617e-002
3.237492406298644e-003 6.859808e-002
3.282135263441501e-003 7.405554e-002
3.326778120584357e-003 7.847856e-002
3.371420977727213e-003 8.186712e-002
3.411878567012926e-003 8.405005e-002
3.452336156298640e-003 8.558114e-002
3.492793745584353e-003 8.646040e-002
3.533251334870067e-003 8.668783e-002
3.573708924155780e-003 8.626343e-002
3.614166513441494e-003 8.518720e-002
3.654624102727207e-003 8.345913e-002
3.689501334870064e-003 8.158344e-002
3.724378567012920e-003 7.944593e-002
3.759255799155776e-003 7.704661e-002
3.794133031298632e-003 7.438548e-002
3.829010263441489e-003 7.146254e-002
3.863887495584346e-003 6.827778e-002
3.898764727727202e-003 6.483121e-002
3.928061602727202e-003 6.187798e-002
3.947592852727201e-003 5.985620e-002
3.976889727727201e-003 5.675638e-002
4.006186602727200e-003 5.359035e-002
4.035483477727199e-003 5.037382e-002
4.074545977727198e-003 4.596040e-002
4.113608477727198e-003 4.159250e-002
4.152670977727197e-003 3.727011e-002
4.191733477727196e-003 3.299324e-002
4.230795977727195e-003 2.876189e-002
4.269858477727194e-003 2.457605e-002
4.308920977727193e-003 2.043573e-002
4.339612942012907e-003 1.730942e-002
4.370304906298621e-003 1.429201e-002
4.400996870584335e-003 1.138350e-002
4.431688834870048e-003 8.583883e-003
4.462380799155762e-003 5.893165e-003
4.493072763441476e-003 3.311346e-003
4.523764727727189e-003 8.384245e-004
4.543295977727188e-003 -6.590110e-004
4.572592852727188e-003 -2.806149e-003
4.601889727727187e-003 -4.832296e-003
4.631186602727187e-003 -6.735568e-003
4.677224549155757e-003 -9.462157e-003
4.723262495584328e-003 -1.189072e-002
4.769300442012898e-003 -1.402126e-002
4.815338388441469e-003 -1.585378e-002
4.861376334870039e-003 -1.738827e-002
4.907414281298609e-003 -1.862474e-002
4.953452227727180e-003 -1.956319e-002
4.998095084870036e-003 -2.020020e-002
5.042737942012892e-003 -2.064028e-002
5.087380799155748e-003 -2.088343e-002
5.132023656298604e-003 -2.092965e-002
5.176666513441461e-003 -2.077894e-002
5.221309370584317e-003 -2.043130e-002
5.265952227727173e-003 -1.988673e-002
5.311990174155744e-003 -1.917713e-002
5.358028120584314e-003 -1.838214e-002
5.404066067012885e-003 -1.750175e-002
5.450104013441455e-003 -1.653596e-002
5.496141959870025e-003 -1.548478e-002
5.542179906298596e-003 -1.434820e-002
5.588217852727166e-003 -1.312623e-002
5.631465620584308e-003 -1.196790e-002
5.674713388441450e-003 -1.082085e-002
5.717961156298592e-003 -9.685069e-003
5.761208924155734e-003 -8.560568e-003
5.804456692012876e-003 -7.447343e-003
5.847704459870018e-003 -6.345394e-003
5.890952227727160e-003 -5.254722e-003
5.936990174155730e-003 -4.149739e-003
5.983028120584301e-003 -3.107700e-003
6.029066067012871e-003 -2.128605e-003
6.075104013441442e-003 -1.212453e-003
6.121141959870012e-003 -3.592453e-004
6.167179906298582e-003 4.310187e-004
6.213217852727153e-003 1.158339e-003
6.269021424155723e-003 1.925848e-003
6.324824995584294e-003 2.594574e-003
6.380628567012864e-003 3.164518e-003
6.436432138441434e-003 3.635679e-003
6.492235709870004e-003 4.008058e-003
6.548039281298574e-003 4.281655e-003
6.603842852727145e-003 4.456469e-003
6.659646424155715e-003 4.541823e-003
6.715449995584285e-003 4.571194e-003
6.771253567012856e-003 4.544582e-003
6.827057138441426e-003 4.461986e-003
6.882860709869995e-003 4.323408e-003
6.938664281298566e-003 4.128845e-003
6.994467852727136e-003 3.878300e-003
7.050271424155707e-003 3.601699e-003
7.106074995584277e-003 3.316575e-003
7.161878567012847e-003 3.022930e-003
7.217682138441418e-003 2.720762e-003
7.273485709869987e-003 2.410072e-003
7.329289281298558e-003 2.090860e-003
7.385092852727128e-003 1.763126e-003
7.467403120584269e-003 1.303706e-003
7.549713388441411e-003 8.873211e-004
7.632023656298551e-003 5.139728e-004
7.714333924155692e-003 1.836606e-004
7.796644192012834e-003 -1.036154e-004
7.878954459869974e-003 -3.478553e-004
7.961264727727116e-003 -5.490591e-004
8.040784817012828e-003 -6.815243e-004
8.120304906298542e-003 -7.819372e-004
8.199824995584254e-003 -8.502978e-004
8.279345084869966e-003 -8.866060e-004
8.358865174155680e-003 -8.908620e-004
8.438385263441392e-003 -8.630656e-004
8.517905352727104e-003 -8.032168e-004
8.604400888441388e-003 -7.203725e-004
8.690896424155671e-003 -6.345837e-004
8.777391959869955e-003 -5.458504e-004
8.863887495584239e-003 -4.541726e-004
8.950383031298524e-003 -3.595504e-004
9.036878567012806e-003 -2.619837e-004
9.123374102727091e-003 -1.614725e-004
9.204289281298518e-003 -8.260295e-005
9.285204459869944e-003 -1.290366e-005
9.366119638441372e-003 4.762538e-005
9.447034817012798e-003 9.898415e-005
9.527949995584225e-003 1.411727e-004
9.608865174155653e-003 1.741909e-004
9.689780352727079e-003 1.980389e-004
9.699545977727079e-003 2.003516e-004
9.742465190730354e-003 2.087844e-004
9.785384403733628e-003 2.153779e-004
9.828303616736903e-003 2.201321e-004
9.871222829740177e-003 2.230470e-004
9.914142042743452e-003 2.241226e-004
9.957061255746726e-003 2.233588e-004
9.999980468750001e-003 2.207558e-004
9.999990234375001e-003 2.207551e-004
1.000000000000000e-002 2.207544e-004
