0.000000000000000e+000 0.000000e+000
9.765625114122045e-011 1.914501e-008
1.953125022824409e-010 4.095190e-008
3.815060135651532e-007 6.912764e-006
7.628167146280240e-007 1.205531e-005
1.144127415690895e-006 1.546857e-005
1.525438116753766e-006 1.715257e-005
1.906748817816636e-006 1.710730e-005
2.288059518879507e-006 1.533275e-005
2.669370219942377e-006 1.182894e-005
4.975629674993804e-006 1.322105e-005
7.999361275657852e-006 1.633935e-005
1.076754997946375e-005 2.115059e-005
1.372020865166742e-005 2.943560e-005
1.731281243336426e-005 4.502517e-005
2.158535411769132e-005 7.349896e-005
2.707769749466513e-005 1.295583e-004
3.382218856128309e-005 2.351988e-004
4.243167873199211e-005 4.382310e-004
5.184355897287378e-005 7.609636e-004
6.160918397287379e-005 1.227395e-003
7.137480897287378e-005 1.847735e-003
8.114043397287378e-005 2.640327e-003
9.090605897287377e-005 3.620057e-003
1.006716839728738e-004 4.799428e-003
1.104373089728738e-004 6.188523e-003
1.202029339728738e-004 7.794964e-003
1.299685589728738e-004 9.623900e-003
1.397341839728738e-004 1.167800e-002
1.494998089728738e-004 1.395747e-002
1.592654339728738e-004 1.646007e-002
1.690310589728738e-004 1.918113e-002
1.787966839728738e-004 2.211365e-002
1.885623089728738e-004 2.524830e-002
1.983279339728738e-004 2.857354e-002
2.080935589728738e-004 3.207567e-002
2.178591839728738e-004 3.573895e-002
2.276248089728739e-004 3.954567e-002
2.373904339728739e-004 4.347631e-002
2.471560589728738e-004 4.750962e-002
2.569216839728739e-004 5.162276e-002
2.666873089728739e-004 5.579146e-002
2.862185589728739e-004 6.419204e-002
3.057498089728739e-004 7.249380e-002
3.252810589728739e-004 8.046576e-002
3.448123089728739e-004 8.786885e-002
3.643435589728740e-004 9.446122e-002
3.741091839728740e-004 9.737839e-002
3.838748089728740e-004 1.000037e-001
3.936404339728740e-004 1.023086e-001
4.034060589728740e-004 1.042652e-001
4.131716839728740e-004 1.058469e-001
4.229373089728740e-004 1.070280e-001
4.327029339728740e-004 1.077842e-001
4.424685589728740e-004 1.080926e-001
4.522341839728740e-004 1.079319e-001
4.619998089728740e-004 1.072824e-001
4.717654339728740e-004 1.061264e-001
4.815310589728741e-004 1.044480e-001
4.912966839728740e-004 1.022335e-001
5.010623089728740e-004 9.947121e-002
5.108279339728740e-004 9.615169e-002
5.205935589728740e-004 9.226786e-002
5.303591839728740e-004 8.781500e-002
5.401248089728741e-004 8.279084e-002
5.498904339728741e-004 7.719560e-002
5.596560589728741e-004 7.103203e-002
5.694216839728741e-004 6.430544e-002
5.791873089728741e-004 5.702370e-002
5.889529339728741e-004 4.919729e-002
5.987185589728741e-004 4.083925e-002
6.084841839728741e-004 3.196517e-002
6.182498089728741e-004 2.259320e-002
6.280154339728741e-004 1.274397e-002
6.377810589728741e-004 2.440569e-003
6.475466839728741e-004 -8.291516e-003
6.573123089728742e-004 -1.942448e-002
6.670779339728742e-004 -3.092826e-002
6.768435589728742e-004 -4.277064e-002
6.963748089728742e-004 -6.733211e-002
7.159060589728742e-004 -9.281179e-002
7.354373089728742e-004 -1.188851e-001
7.549685589728742e-004 -1.452041e-001
7.744998089728743e-004 -1.714024e-001
7.842654339728743e-004 -1.843379e-001
7.940310589728743e-004 -1.971000e-001
8.037966839728743e-004 -2.096399e-001
8.135623089728743e-004 -2.219087e-001
8.233279339728743e-004 -2.338576e-001
8.330935589728743e-004 -2.454378e-001
8.428591839728743e-004 -2.566009e-001
8.526248089728743e-004 -2.672993e-001
8.623904339728743e-004 -2.774857e-001
8.721560589728743e-004 -2.871141e-001
8.819216839728744e-004 -2.961394e-001
8.916873089728744e-004 -3.045177e-001
9.014529339728744e-004 -3.122065e-001
9.112185589728744e-004 -3.191652e-001
9.307498089728744e-004 -3.307374e-001
9.502810589728744e-004 -3.389456e-001
9.698123089728744e-004 -3.435361e-001
9.893435589728745e-004 -3.442951e-001
1.008874808972875e-003 -3.410522e-001
1.018640433972875e-003 -3.378895e-001
1.038171683972875e-003 -3.284275e-001
1.047937308972875e-003 -3.221162e-001
1.057702933972875e-003 -3.147487e-001
1.077234183972875e-003 -2.968574e-001
1.096765433972875e-003 -2.748119e-001
1.116296683972875e-003 -2.487249e-001
1.135827933972875e-003 -2.187628e-001
1.155359183972875e-003 -1.851453e-001
1.174890433972875e-003 -1.481438e-001
1.184656058972875e-003 -1.284722e-001
1.194421683972875e-003 -1.080784e-001
1.204187308972875e-003 -8.700961e-002
1.213952933972875e-003 -6.531571e-002
1.223718558972875e-003 -4.304915e-002
1.233484183972875e-003 -2.026477e-002
1.243249808972875e-003 2.980351e-003
1.253015433972875e-003 2.662699e-002
1.262781058972875e-003 5.061402e-002
1.282312308972875e-003 9.935591e-002
1.301843558972875e-003 1.486845e-001
1.321374808972875e-003 1.980582e-001
1.340906058972875e-003 2.469223e-001
1.360437308972875e-003 2.947143e-001
1.379968558972875e-003 3.408714e-001
1.399499808972875e-003 3.848367e-001
1.419031058972875e-003 4.260661e-001
1.438562308972875e-003 4.640348e-001
1.458093558972875e-003 4.982437e-001
1.477624808972875e-003 5.282260e-001
1.497156058972875e-003 5.535529e-001
1.506921683972875e-003 5.643483e-001
1.516687308972875e-003 5.738391e-001
1.526452933972875e-003 5.819847e-001
1.536218558972875e-003 5.887481e-001
1.545984183972875e-003 5.940956e-001
1.565515433972875e-003 6.004260e-001
1.585046683972875e-003 6.007806e-001
1.604577933972875e-003 5.950261e-001
1.624109183972875e-003 5.830945e-001
1.643640433972875e-003 5.649838e-001
1.663171683972875e-003 5.407601e-001
1.682702933972875e-003 5.105569e-001
1.702234183972875e-003 4.745754e-001
1.721765433972875e-003 4.330824e-001
1.741296683972875e-003 3.864087e-001
1.760827933972875e-003 3.349465e-001
1.780359183972875e-003 2.791451e-001
1.799890433972875e-003 2.195078e-001
1.819421683972875e-003 1.565863e-001
1.838952933972875e-003 9.097558e-002
1.848718558972875e-003 5.735803e-002
1.858484183972875e-003 2.330784e-002
1.868249808972875e-003 -1.109118e-002
1.887781058972875e-003 -8.059310e-002
1.907312308972875e-003 -1.504510e-001
1.926843558972875e-003 -2.199548e-001
1.956140433972875e-003 -3.219807e-001
1.975671683972875e-003 -3.874728e-001
1.995202933972875e-003 -4.501292e-001
2.014734183972874e-003 -5.092734e-001
2.034265433972874e-003 -5.642567e-001
2.053796683972873e-003 -6.144662e-001
2.073327933972873e-003 -6.593308e-001
2.092859183972872e-003 -6.983282e-001
2.112390433972872e-003 -7.309903e-001
2.131921683972872e-003 -7.569094e-001
2.151452933972871e-003 -7.757425e-001
2.161218558972871e-003 -7.824135e-001
2.170984183972871e-003 -7.872157e-001
2.190515433972870e-003 -7.911276e-001
2.210046683972870e-003 -7.873518e-001
2.229577933972870e-003 -7.758400e-001
2.249109183972869e-003 -7.566215e-001
2.268640433972869e-003 -7.298049e-001
2.288171683972868e-003 -6.955771e-001
2.307702933972868e-003 -6.542020e-001
2.327234183972867e-003 -6.060187e-001
2.346765433972867e-003 -5.514381e-001
2.366296683972867e-003 -4.909399e-001
2.385827933972866e-003 -4.250676e-001
2.405359183972866e-003 -3.544240e-001
2.424890433972865e-003 -2.796648e-001
2.444421683972865e-003 -2.014928e-001
2.463952933972865e-003 -1.206509e-001
2.483484183972864e-003 -3.791486e-002
2.493249808972864e-003 3.913956e-003
2.512781058972863e-003 8.798391e-002
2.532312308972863e-003 1.719162e-001
2.551843558972863e-003 2.548824e-001
2.581140433972862e-003 3.757189e-001
2.610437308972861e-003 4.898036e-001
2.639734183972861e-003 5.945341e-001
2.659265433972860e-003 6.579537e-001
2.678796683972860e-003 7.154760e-001
2.698327933972860e-003 7.664954e-001
2.717859183972859e-003 8.104671e-001
2.737390433972859e-003 8.469126e-001
2.756921683972858e-003 8.754256e-001
2.776452933972858e-003 8.956757e-001
2.795984183972857e-003 9.074121e-001
2.825281058972857e-003 9.087100e-001
2.854577933972856e-003 8.902884e-001
2.883874808972856e-003 8.523774e-001
2.913171683972855e-003 7.956420e-001
2.932702933972855e-003 7.478811e-001
2.952234183972854e-003 6.926519e-001
2.971765433972854e-003 6.304529e-001
2.991296683972853e-003 5.618535e-001
3.010827933972853e-003 4.874890e-001
3.030359183972852e-003 4.080541e-001
3.049890433972852e-003 3.242969e-001
3.069421683972852e-003 2.370111e-001
3.088952933972851e-003 1.470288e-001
3.108484183972851e-003 5.521195e-002
3.118249808972851e-003 8.891208e-003
3.137781058972850e-003 -8.401570e-002
3.157312308972850e-003 -1.765257e-001
3.176843558972849e-003 -2.677390e-001
3.206140433972849e-003 -4.001832e-001
3.235437308972848e-003 -5.247871e-001
3.264734183972847e-003 -6.387841e-001
3.294031058972847e-003 -7.396250e-001
3.323327933972846e-003 -8.250363e-001
3.342859183972846e-003 -8.724288e-001
3.362390433972845e-003 -9.116038e-001
3.381921683972845e-003 -9.421530e-001
3.401452933972845e-003 -9.637510e-001
3.420984183972844e-003 -9.761583e-001
3.450281058972844e-003 -9.772322e-001
3.479577933972843e-003 -9.571843e-001
3.508874808972842e-003 -9.163512e-001
3.538171683972842e-003 -8.555263e-001
3.567468558972841e-003 -7.759434e-001
3.596765433972840e-003 -6.792521e-001
3.616296683972840e-003 -6.062748e-001
3.635827933972840e-003 -5.272760e-001
3.655359183972839e-003 -4.430028e-001
3.674890433972839e-003 -3.542557e-001
3.694421683972838e-003 -2.618802e-001
3.713952933972838e-003 -1.667594e-001
3.733484183972837e-003 -6.980509e-002
3.753015433972837e-003 2.805118e-002
3.772546683972837e-003 1.258668e-001
3.792077933972836e-003 2.226975e-001
3.811609183972836e-003 3.176064e-001
3.840906058972835e-003 4.543602e-001
3.870202933972835e-003 5.817370e-001
3.899499808972834e-003 6.969433e-001
3.928796683972833e-003 7.974424e-001
3.958093558972833e-003 8.810105e-001
3.987390433972832e-003 9.457862e-001
4.006921683972832e-003 9.777924e-001
4.026452933972831e-003 1.000465e+000
4.045984183972831e-003 1.013568e+000
4.075281058972830e-003 1.014992e+000
4.104577933972830e-003 9.944990e-001
4.133874808972829e-003 9.524778e-001
4.163171683972828e-003 8.897872e-001
4.192468558972828e-003 8.077374e-001
4.221765433972827e-003 7.080620e-001
4.251062308972826e-003 5.928819e-001
4.270593558972826e-003 5.086849e-001
4.290124808972826e-003 4.194883e-001
4.309656058972825e-003 3.261446e-001
4.329187308972825e-003 2.295476e-001
4.348718558972824e-003 1.306235e-001
4.368249808972824e-003 3.032216e-002
4.387781058972824e-003 -7.039192e-002
4.407312308972823e-003 -1.705492e-001
4.426843558972823e-003 -2.691844e-001
4.456140433972822e-003 -4.122073e-001
4.485437308972821e-003 -5.465627e-001
4.514734183972821e-003 -6.693271e-001
4.544031058972820e-003 -7.778236e-001
4.573327933972820e-003 -8.696809e-001
4.602624808972819e-003 -9.428847e-001
4.631921683972818e-003 -9.958229e-001
4.651452933972818e-003 -1.019257e+000
4.670984183972817e-003 -1.032918e+000
4.700281058972817e-003 -1.034803e+000
4.729577933972816e-003 -1.014334e+000
4.758874808972816e-003 -9.719252e-001
4.788171683972815e-003 -9.084663e-001
4.817468558972814e-003 -8.253053e-001
4.846765433972814e-003 -7.242190e-001
4.876062308972813e-003 -6.073742e-001
4.905359183972812e-003 -4.772824e-001
4.924890433972812e-003 -3.845681e-001
4.944421683972812e-003 -2.880956e-001
4.963952933972811e-003 -1.887909e-001
4.983484183972811e-003 -8.760812e-002
5.012781058972810e-003 6.555697e-002
5.032312308972810e-003 1.671616e-001
5.051843558972809e-003 2.672197e-001
5.081140433972809e-003 4.123043e-001
5.110437308972808e-003 5.486010e-001
5.139734183972807e-003 6.731530e-001
5.169031058972807e-003 7.832556e-001
5.198327933972806e-003 8.765146e-001
5.227624808972806e-003 9.508988e-001
5.256921683972805e-003 1.004784e+000
5.286218558972804e-003 1.036990e+000
5.305749808972804e-003 1.046045e+000
5.335046683972803e-003 1.040774e+000
5.364343558972803e-003 1.013004e+000
5.393640433972802e-003 9.633204e-001
5.422937308972801e-003 8.927843e-001
5.452234183972801e-003 8.029091e-001
5.481531058972800e-003 6.956279e-001
5.510827933972800e-003 5.732517e-001
5.540124808972799e-003 4.384200e-001
5.559656058972799e-003 3.430404e-001
5.579187308972798e-003 2.443307e-001
5.598718558972798e-003 1.432400e-001
5.618249808972797e-003 4.074032e-002
5.637781058972797e-003 -6.218213e-002
5.657312308972796e-003 -1.645369e-001
5.676843558972796e-003 -2.653386e-001
5.706140433972795e-003 -4.115121e-001
5.735437308972795e-003 -5.488476e-001
5.764734183972794e-003 -6.743697e-001
5.794031058972794e-003 -7.853576e-001
5.823327933972793e-003 -8.794039e-001
5.852624808972792e-003 -9.544672e-001
5.881921683972792e-003 -1.008916e+000
5.911218558972791e-003 -1.041564e+000
5.930749808972791e-003 -1.050846e+000
5.960046683972790e-003 -1.045813e+000
5.989343558972789e-003 -1.018161e+000
6.018640433972789e-003 -9.684806e-001
6.047937308972788e-003 -8.978392e-001
6.077234183972788e-003 -8.077591e-001
6.106531058972787e-003 -7.001835e-001
6.135827933972786e-003 -5.774351e-001
6.165124808972786e-003 -4.421656e-001
6.184656058972785e-003 -3.464641e-001
6.204187308972785e-003 -2.474132e-001
6.223718558972784e-003 -1.459658e-001
6.243249808972784e-003 -4.309799e-002
6.262781058972784e-003 6.020021e-002
6.282312308972783e-003 1.629345e-001
6.301843558972783e-003 2.641158e-001
6.331140433972782e-003 4.108513e-001
6.360437308972781e-003 5.487298e-001
6.389734183972781e-003 6.747661e-001
6.419031058972780e-003 7.862303e-001
6.448327933972780e-003 8.807075e-001
6.477624808972779e-003 9.561501e-001
6.506921683972778e-003 1.010922e+000
6.536218558972778e-003 1.043834e+000
6.565515433972777e-003 1.054170e+000
6.594812308972776e-003 1.041702e+000
6.624109183972776e-003 1.006697e+000
6.653406058972775e-003 9.499086e-001
6.682702933972775e-003 8.725619e-001
6.711999808972774e-003 7.763277e-001
6.741296683972773e-003 6.632859e-001
6.770593558972773e-003 5.358803e-001
6.799890433972772e-003 3.968661e-001
6.819421683972772e-003 2.992170e-001
6.838952933972771e-003 1.986809e-001
6.858484183972771e-003 9.622530e-002
6.887781058972770e-003 -5.889690e-002
6.907312308972770e-003 -1.618191e-001
6.926843558972769e-003 -2.631902e-001
6.956140433972769e-003 -4.102097e-001
6.985437308972768e-003 -5.483664e-001
7.014734183972768e-003 -6.746696e-001
7.044031058972767e-003 -7.863846e-001
7.073327933972766e-003 -8.810923e-001
7.102624808972766e-003 -9.567416e-001
7.131921683972765e-003 -1.011693e+000
7.161218558972764e-003 -1.044757e+000
7.190515433972764e-003 -1.055214e+000
7.219812308972763e-003 -1.042837e+000
7.249109183972763e-003 -1.007892e+000
7.278406058972762e-003 -9.511333e-001
7.307702933972761e-003 -8.737876e-001
7.336999808972761e-003 -7.775276e-001
7.366296683972760e-003 -6.644350e-001
7.395593558972759e-003 -5.369564e-001
7.424890433972759e-003 -3.978498e-001
7.444421683972758e-003 -3.001300e-001
7.463952933972758e-003 -1.995169e-001
7.483484183972758e-003 -9.697904e-002
7.503015433972757e-003 6.496318e-003
7.522546683972757e-003 1.099129e-001
7.542077933972756e-003 2.122748e-001
7.561609183972756e-003 3.125966e-001
7.590906058972755e-003 4.571482e-001
7.620202933972755e-003 5.918136e-001
7.649499808972754e-003 7.136776e-001
7.678796683972753e-003 8.201022e-001
7.708093558972753e-003 9.087830e-001
7.737390433972752e-003 9.778000e-001
7.766687308972751e-003 1.025659e+000
7.795984183972751e-003 1.051322e+000
7.825281058972750e-003 1.054234e+000
7.854577933972750e-003 1.034330e+000
7.883874808972749e-003 9.920411e-001
7.913171683972748e-003 9.282809e-001
7.942468558972748e-003 8.444290e-001
7.971765433972747e-003 7.422995e-001
8.001062308972747e-003 6.241024e-001
8.030359183972746e-003 4.923953e-001
8.059656058972745e-003 3.500288e-001
8.079187308972745e-003 2.507098e-001
8.098718558972744e-003 1.489755e-001
8.118249808972744e-003 4.580560e-002
8.137781058972744e-003 -5.780656e-002
8.157312308972743e-003 -1.608632e-001
8.176843558972743e-003 -2.623720e-001
8.196374808972742e-003 -3.613554e-001
8.225671683972742e-003 -5.030192e-001
8.254968558972741e-003 -6.337975e-001
8.284265433972740e-003 -7.508596e-001
8.313562308972740e-003 -8.516711e-001
8.342859183972739e-003 -9.340498e-001
8.372156058972739e-003 -9.962121e-001
8.401452933972738e-003 -1.036812e+000
8.430749808972737e-003 -1.054971e+000
8.450281058972737e-003 -1.054394e+000
8.479577933972736e-003 -1.034520e+000
8.508874808972736e-003 -9.922533e-001
8.538171683972735e-003 -9.285078e-001
8.567468558972734e-003 -8.446633e-001
8.596765433972734e-003 -7.425343e-001
8.626062308972733e-003 -6.243311e-001
8.655359183972733e-003 -4.926121e-001
8.684656058972732e-003 -3.502281e-001
8.704187308972732e-003 -2.508950e-001
8.723718558972731e-003 -1.491446e-001
8.743249808972731e-003 -4.595706e-002
8.762781058972730e-003 5.767414e-002
8.782312308972730e-003 1.607510e-001
8.801843558972729e-003 2.622809e-001
8.821374808972729e-003 3.612861e-001
8.850671683972728e-003 5.029833e-001
8.879968558972728e-003 6.337953e-001
8.909265433972727e-003 7.508905e-001
8.938562308972727e-003 8.517342e-001
8.967859183972726e-003 9.341432e-001
8.997156058972725e-003 9.963336e-001
9.026452933972725e-003 1.036959e+000
9.055749808972724e-003 1.055140e+000
9.075281058972724e-003 1.054577e+000
9.104577933972723e-003 1.034720e+000
9.133874808972722e-003 9.924658e-001
9.163171683972722e-003 9.287298e-001
9.192468558972721e-003 8.448913e-001
9.221765433972720e-003 7.427648e-001
9.251062308972720e-003 6.245608e-001
9.280359183972719e-003 4.928380e-001
9.309656058972719e-003 3.504474e-001
9.329187308972718e-003 2.511083e-001
9.348718558972718e-003 1.493512e-001
9.368249808972717e-003 4.615586e-002
9.387781058972717e-003 -5.748387e-002
9.407312308972717e-003 -1.605700e-001
9.426843558972716e-003 -2.621096e-001
9.446374808972716e-003 -3.611250e-001
9.475671683972715e-003 -5.028381e-001
9.504968558972714e-003 -6.336664e-001
9.534265433972714e-003 -7.507778e-001
9.563562308972713e-003 -8.516375e-001
9.592859183972713e-003 -9.340618e-001
9.622156058972712e-003 -9.962666e-001
9.651452933972711e-003 -1.036905e+000
9.680749808972711e-003 -1.055098e+000
9.700281058972710e-003 -1.054542e+000
9.729577933972710e-003 -1.034694e+000
9.758874808972709e-003 -9.924477e-001
9.778406058972709e-003 -9.522722e-001
9.807702933972708e-003 -8.749584e-001
9.836999808972707e-003 -7.787039e-001
9.866296683972707e-003 -6.655921e-001
9.895593558972706e-003 -5.380716e-001
9.924890433972705e-003 -3.989028e-001
9.944421683972705e-003 -3.011314e-001
9.963952933972705e-003 -2.004595e-001
9.983484183972704e-003 -9.785659e-002
9.993249808972704e-003 -4.614460e-002
1.000000000000000e-002 -1.032131e-002
