0.000000000000000e+000 0.000000e+000
9.765625114122045e-011 2.060009e-008
1.953125022824409e-010 4.386201e-008
9.765625000000001e-009 2.420520e-006
1.841510737419724e-008 4.243770e-006
2.706458974839449e-008 5.854621e-006
3.571407212259173e-008 7.253072e-006
4.436355449678897e-008 8.439124e-006
5.301303687098621e-008 9.412776e-006
6.166251924518346e-008 1.017403e-005
7.031200161938067e-008 1.072288e-005
9.410849961521093e-008 1.156069e-005
1.230498099548899e-007 1.168004e-005
1.706300223634412e-007 1.129606e-005
5.518999784081033e-007 1.185384e-005
9.331699344527654e-007 1.363998e-005
1.314439890497427e-006 1.665446e-005
1.695709846542090e-006 2.089730e-005
2.076979802586752e-006 2.636850e-005
2.458249758631413e-006 3.306804e-005
2.839519714676074e-006 4.099594e-005
5.362687726317157e-006 1.178606e-004
9.490589902941066e-006 3.248691e-004
1.415870767184134e-005 6.730776e-004
1.874036240462442e-005 1.139829e-003
2.351009034077148e-005 1.763465e-003
2.926452340427968e-005 2.697891e-003
3.662091667422199e-005 4.161881e-003
4.594718312392461e-005 6.401277e-003
5.571280812392462e-005 9.169342e-003
6.547843312392461e-005 1.235515e-002
7.524405812392461e-005 1.592597e-002
8.500968312392460e-005 1.984303e-002
9.477530812392460e-005 2.406702e-002
1.045409331239246e-004 2.855833e-002
1.143065581239246e-004 3.327717e-002
1.240721831239246e-004 3.818375e-002
1.338378081239246e-004 4.323844e-002
1.436034331239246e-004 4.840191e-002
1.533690581239246e-004 5.363531e-002
1.631346831239246e-004 5.890039e-002
1.729003081239246e-004 6.415962e-002
1.826659331239246e-004 6.937636e-002
1.924315581239246e-004 7.451500e-002
2.021971831239247e-004 7.954098e-002
2.217284331239247e-004 8.912314e-002
2.412596831239247e-004 9.787302e-002
2.607909331239247e-004 1.055649e-001
2.803221831239247e-004 1.119999e-001
2.998534331239247e-004 1.170076e-001
3.193846831239248e-004 1.204478e-001
3.389159331239248e-004 1.222113e-001
3.584471831239248e-004 1.222207e-001
3.779784331239248e-004 1.204300e-001
3.975096831239248e-004 1.168249e-001
4.170409331239248e-004 1.114210e-001
4.365721831239249e-004 1.042634e-001
4.561034331239249e-004 9.542493e-002
4.756346831239249e-004 8.500394e-002
4.951659331239249e-004 7.312252e-002
5.146971831239249e-004 5.992382e-002
5.342284331239249e-004 4.556961e-002
5.439940581239250e-004 3.801412e-002
5.537596831239250e-004 3.023739e-002
5.635253081239250e-004 2.226358e-002
5.732909331239250e-004 1.411751e-002
5.830565581239250e-004 5.824487e-003
5.928221831239250e-004 -2.589737e-003
6.123534331239250e-004 -1.967718e-002
6.221190581239250e-004 -2.829758e-002
6.318846831239250e-004 -3.693374e-002
6.416503081239250e-004 -4.555913e-002
6.514159331239251e-004 -5.414737e-002
6.611815581239251e-004 -6.267227e-002
6.709471831239251e-004 -7.110795e-002
6.807128081239251e-004 -7.942888e-002
6.904784331239251e-004 -8.761003e-002
7.002440581239251e-004 -9.562685e-002
7.100096831239251e-004 -1.034554e-001
7.295409331239251e-004 -1.184558e-001
7.490721831239251e-004 -1.324345e-001
7.686034331239252e-004 -1.452293e-001
7.881346831239252e-004 -1.566933e-001
8.076659331239252e-004 -1.666974e-001
8.271971831239252e-004 -1.751308e-001
8.467284331239252e-004 -1.819025e-001
8.662596831239252e-004 -1.869418e-001
8.857909331239253e-004 -1.901989e-001
9.150878081239253e-004 -1.916862e-001
9.443846831239253e-004 -1.890955e-001
9.736815581239253e-004 -1.825221e-001
1.002978433123925e-003 -1.721590e-001
1.032275308123925e-003 -1.582899e-001
1.061572183123925e-003 -1.412786e-001
1.090869058123925e-003 -1.215579e-001
1.120165933123925e-003 -9.961676e-002
1.149462808123925e-003 -7.598601e-002
1.178759683123925e-003 -5.122430e-002
1.208056558123925e-003 -2.590334e-002
1.227587808123926e-003 -8.994212e-003
1.237353433123926e-003 -5.936457e-004
1.247119058123926e-003 7.743715e-003
1.256884683123926e-003 1.599788e-002
1.266650308123926e-003 2.414927e-002
1.276415933123926e-003 3.217874e-002
1.286181558123926e-003 4.006763e-002
1.295947183123926e-003 4.779782e-002
1.305712808123926e-003 5.535179e-002
1.315478433123926e-003 6.271260e-002
1.325244058123926e-003 6.986400e-002
1.335009683123926e-003 7.679044e-002
1.344775308123926e-003 8.347705e-002
1.354540933123926e-003 8.990976e-002
1.374072183123926e-003 1.019611e-001
1.393603433123926e-003 1.128480e-001
1.413134683123926e-003 1.224876e-001
1.432665933123926e-003 1.308115e-001
1.452197183123926e-003 1.377656e-001
1.471728433123926e-003 1.433110e-001
1.491259683123926e-003 1.474235e-001
1.510790933123926e-003 1.500936e-001
1.530322183123926e-003 1.513266e-001
1.559619058123926e-003 1.505273e-001
1.579150308123926e-003 1.482811e-001
1.588915933123926e-003 1.466624e-001
1.608447183123926e-003 1.424718e-001
1.627978433123926e-003 1.370689e-001
1.647509683123926e-003 1.305331e-001
1.667040933123926e-003 1.229530e-001
1.686572183123926e-003 1.144253e-001
1.706103433123926e-003 1.050534e-001
1.725634683123926e-003 9.494647e-002
1.754931558123926e-003 7.865747e-002
1.784228433123926e-003 6.136660e-002
1.813525308123926e-003 4.347593e-002
1.842822183123926e-003 2.538497e-002
1.862353433123926e-003 1.340547e-002
1.872119058123926e-003 7.481903e-003
1.881884683123926e-003 1.620411e-003
1.891650308123926e-003 -4.165957e-003
1.901415933123926e-003 -9.864506e-003
1.911181558123926e-003 -1.546293e-002
1.920947183123926e-003 -2.094934e-002
1.930712808123926e-003 -2.631226e-002
1.940478433123926e-003 -3.154070e-002
1.950244058123926e-003 -3.662413e-002
1.960009683123926e-003 -4.155251e-002
1.969775308123926e-003 -4.631635e-002
1.979540933123926e-003 -5.090665e-002
1.999072183123925e-003 -5.953345e-002
2.018603433123925e-003 -6.737217e-002
2.038134683123924e-003 -7.437137e-002
2.057665933123924e-003 -8.048902e-002
2.077197183123923e-003 -8.569281e-002
2.096728433123923e-003 -8.996003e-002
2.116259683123923e-003 -9.327759e-002
2.135790933123922e-003 -9.564183e-002
2.165087808123922e-003 -9.741531e-002
2.194384683123921e-003 -9.711412e-002
2.223681558123920e-003 -9.483556e-002
2.243212808123920e-003 -9.228325e-002
2.262744058123919e-003 -8.895977e-002
2.282275308123919e-003 -8.491935e-002
2.301806558123919e-003 -8.022138e-002
2.321337808123918e-003 -7.492965e-002
2.340869058123918e-003 -6.911168e-002
2.360400308123917e-003 -6.283785e-002
2.389697183123917e-003 -5.273151e-002
2.418994058123916e-003 -4.201297e-002
2.448290933123916e-003 -3.093346e-002
2.477587808123915e-003 -1.974007e-002
2.506884683123914e-003 -8.670676e-003
2.516650308123914e-003 -5.047641e-003
2.526415933123914e-003 -1.471312e-003
2.536181558123914e-003 2.050666e-003
2.545947183123913e-003 5.510898e-003
2.555712808123913e-003 8.902256e-003
2.565478433123913e-003 1.221789e-002
2.585009683123913e-003 1.859608e-002
2.594775308123912e-003 2.164644e-002
2.614306558123912e-003 2.744158e-002
2.633837808123912e-003 3.279573e-002
2.653369058123911e-003 3.767340e-002
2.672900308123911e-003 4.204479e-002
2.692431558123910e-003 4.588580e-002
2.711962808123910e-003 4.917816e-002
2.731494058123909e-003 5.190933e-002
2.760790933123909e-003 5.494044e-002
2.790087808123908e-003 5.669509e-002
2.819384683123908e-003 5.720025e-002
2.848681558123907e-003 5.650775e-002
2.877978433123906e-003 5.469192e-002
2.897509683123906e-003 5.290303e-002
2.917040933123906e-003 5.068851e-002
2.936572183123905e-003 4.808341e-002
2.965869058123904e-003 4.352611e-002
2.995165933123904e-003 3.830969e-002
3.024462808123903e-003 3.257582e-002
3.053759683123903e-003 2.646973e-002
3.083056558123902e-003 2.013696e-002
3.112353433123901e-003 1.372028e-002
3.141650308123901e-003 7.356832e-003
3.161181558123900e-003 3.208173e-003
3.170947183123900e-003 1.175522e-003
3.180712808123900e-003 -8.236330e-004
3.190478433123900e-003 -2.785201e-003
3.200244058123899e-003 -4.705251e-003
3.219775308123899e-003 -8.405922e-003
3.239306558123899e-003 -1.189767e-002
3.258837808123898e-003 -1.515545e-002
3.278369058123898e-003 -1.815732e-002
3.297900308123897e-003 -2.088447e-002
3.317431558123897e-003 -2.332138e-002
3.336962808123897e-003 -2.545575e-002
3.356494058123896e-003 -2.727858e-002
3.385790933123896e-003 -2.941693e-002
3.415087808123895e-003 -3.083587e-002
3.444384683123894e-003 -3.154454e-002
3.473681558123894e-003 -3.156637e-002
3.502978433123893e-003 -3.093783e-002
3.532275308123892e-003 -2.970697e-002
3.561572183123892e-003 -2.793179e-002
3.590869058123891e-003 -2.567848e-002
3.620165933123891e-003 -2.301958e-002
3.649462808123890e-003 -2.003215e-002
3.678759683123889e-003 -1.679585e-002
3.708056558123889e-003 -1.339121e-002
3.737353433123888e-003 -9.897811e-003
3.766650308123887e-003 -6.392751e-003
3.795947183123887e-003 -2.949112e-003
3.815478433123886e-003 -7.212032e-004
3.835009683123886e-003 1.430610e-003
3.854540933123886e-003 3.489190e-003
3.874072183123885e-003 5.438906e-003
3.893603433123885e-003 7.265730e-003
3.913134683123884e-003 8.957302e-003
3.932665933123884e-003 1.050299e-002
3.952197183123883e-003 1.189391e-002
3.971728433123883e-003 1.312298e-002
4.001025308123882e-003 1.465193e-002
4.030322183123882e-003 1.579456e-002
4.059619058123881e-003 1.654893e-002
4.088915933123881e-003 1.692126e-002
4.118212808123880e-003 1.692534e-002
4.147509683123879e-003 1.658185e-002
4.176806558123879e-003 1.591752e-002
4.206103433123878e-003 1.496422e-002
4.235400308123877e-003 1.375803e-002
4.253536468838162e-003 1.287635e-002
4.271672629552448e-003 1.194783e-002
4.289808790266733e-003 1.097247e-002
4.307944950981019e-003 9.950264e-003
4.326081111695304e-003 8.881220e-003
4.344217272409590e-003 7.765336e-003
4.362353433123875e-003 6.602610e-003
4.376304325981018e-003 5.709138e-003
4.390255218838159e-003 4.823514e-003
4.404206111695302e-003 3.945740e-003
4.418157004552445e-003 3.075815e-003
4.432107897409588e-003 2.213740e-003
4.446058790266730e-003 1.359514e-003
4.460009683123873e-003 5.131382e-004
4.479540933123872e-003 -6.219086e-004
4.499072183123872e-003 -1.706798e-003
4.518603433123871e-003 -2.733404e-003
4.547900308123871e-003 -4.148368e-003
4.577197183123870e-003 -5.395303e-003
4.606494058123870e-003 -6.458151e-003
4.635790933123869e-003 -7.325597e-003
4.665087808123868e-003 -7.991037e-003
4.694384683123868e-003 -8.452439e-003
4.723681558123867e-003 -8.712120e-003
4.752978433123866e-003 -8.776447e-003
4.782275308123866e-003 -8.655467e-003
4.811572183123865e-003 -8.362486e-003
4.840869058123865e-003 -7.913602e-003
4.861795397409579e-003 -7.487746e-003
4.882721736695292e-003 -7.018694e-003
4.903648075981006e-003 -6.506447e-003
4.924574415266720e-003 -5.951004e-003
4.945500754552434e-003 -5.352364e-003
4.966427093838147e-003 -4.710529e-003
4.987353433123861e-003 -4.025497e-003
5.004094504552433e-003 -3.473174e-003
5.020835575981004e-003 -2.924798e-003
5.037576647409575e-003 -2.380371e-003
5.054317718838145e-003 -1.839892e-003
5.071058790266717e-003 -1.303361e-003
5.087799861695288e-003 -7.707785e-004
5.104540933123859e-003 -2.421441e-004
5.133837808123858e-003 6.273058e-004
5.163134683123858e-003 1.433132e-003
5.192431558123857e-003 2.162445e-003
5.221728433123856e-003 2.804706e-003
5.251025308123856e-003 3.351805e-003
5.280322183123855e-003 3.798085e-003
5.309619058123855e-003 4.140313e-003
5.338915933123854e-003 4.377609e-003
5.368212808123853e-003 4.511316e-003
5.397509683123853e-003 4.544848e-003
5.422621290266709e-003 4.482887e-003
5.447732897409566e-003 4.369918e-003
5.472844504552423e-003 4.205939e-003
5.497956111695279e-003 3.990952e-003
5.523067718838136e-003 3.724955e-003
5.548179325980993e-003 3.407949e-003
5.573290933123849e-003 3.039935e-003
5.594217272409563e-003 2.715281e-003
5.615143611695276e-003 2.385842e-003
5.636069950980991e-003 2.051620e-003
5.656996290266704e-003 1.712613e-003
5.677922629552418e-003 1.368822e-003
5.698848968838132e-003 1.020247e-003
5.719775308123846e-003 6.668884e-004
5.743491825980988e-003 2.790101e-004
5.767208343838130e-003 -8.451243e-005
5.790924861695273e-003 -4.236790e-004
5.814641379552415e-003 -7.384897e-004
5.838357897409558e-003 -1.028944e-003
5.862074415266700e-003 -1.295043e-003
5.885790933123842e-003 -1.536786e-003
5.922063254552413e-003 -1.823209e-003
5.958335575980984e-003 -2.034498e-003
5.994607897409555e-003 -2.170651e-003
6.030880218838125e-003 -2.231670e-003
6.067152540266695e-003 -2.217554e-003
6.103424861695266e-003 -2.128303e-003
6.139697183123837e-003 -1.963918e-003
6.166203879552408e-003 -1.809285e-003
6.192710575980979e-003 -1.641648e-003
6.219217272409550e-003 -1.461008e-003
6.245723968838120e-003 -1.267364e-003
6.272230665266691e-003 -1.060716e-003
6.298737361695262e-003 -8.410639e-004
6.325244058123833e-003 -6.084084e-004
6.354540933123832e-003 -3.554839e-004
6.383837808123832e-003 -1.188347e-004
6.413134683123831e-003 1.015393e-004
6.442431558123830e-003 3.056381e-004
6.471728433123830e-003 4.934616e-004
6.501025308123829e-003 6.650098e-004
6.530322183123829e-003 8.202828e-004
6.572174861695256e-003 9.790963e-004
6.614027540266684e-003 1.090110e-003
6.655880218838111e-003 1.153325e-003
6.697732897409540e-003 1.168740e-003
6.739585575980967e-003 1.136356e-003
6.781438254552395e-003 1.056173e-003
6.823290933123822e-003 9.281902e-004
6.855377986695250e-003 8.115423e-004
6.887465040266678e-003 6.920008e-004
6.919552093838106e-003 5.695656e-004
6.951639147409534e-003 4.442368e-004
6.983726200980962e-003 3.160144e-004
7.015813254552390e-003 1.848983e-004
7.047900308123817e-003 5.088856e-005
7.106494058123816e-003 -1.583329e-004
7.165087808123815e-003 -3.199877e-004
7.223681558123814e-003 -4.340758e-004
7.282275308123812e-003 -5.005972e-004
7.340869058123811e-003 -5.195519e-004
7.399462808123810e-003 -4.909399e-004
7.458056558123809e-003 -4.147612e-004
7.499909236695236e-003 -3.377930e-004
7.541761915266664e-003 -2.604092e-004
7.583614593838091e-003 -1.826100e-004
7.625467272409520e-003 -1.043953e-004
7.667319950980947e-003 -2.576504e-005
7.709172629552375e-003 5.328066e-005
7.751025308123802e-003 1.327418e-004
7.813804325980944e-003 2.139689e-004
7.876583343838086e-003 2.707082e-004
7.939362361695228e-003 3.029597e-004
8.002141379552368e-003 3.107234e-004
8.064920397409510e-003 2.939993e-004
8.127699415266651e-003 2.527874e-004
8.190478433123793e-003 1.870877e-004
8.258837808123792e-003 1.098455e-004
8.327197183123790e-003 4.519331e-005
8.395556558123789e-003 -6.868939e-006
8.463915933123787e-003 -4.634121e-005
8.532275308123786e-003 -7.322351e-005
8.600634683123784e-003 -8.751583e-005
8.668994058123783e-003 -8.921818e-005
8.737353433123781e-003 -6.324008e-005
8.805712808123780e-003 -3.730607e-005
8.874072183123779e-003 -1.141613e-005
8.942431558123777e-003 1.442973e-005
9.010790933123776e-003 4.023152e-005
9.079150308123774e-003 6.598922e-005
9.147509683123773e-003 9.170285e-005
9.224239593838057e-003 9.591482e-005
9.300969504552340e-003 9.574807e-005
9.377699415266625e-003 9.120261e-005
9.454429325980909e-003 8.227844e-005
9.531159236695194e-003 6.897556e-005
9.607889147409477e-003 5.129396e-005
9.684619058123761e-003 2.923364e-005
9.694384683123761e-003 2.749657e-005
9.999990234375001e-003 1.133179e-005
1.000000000000000e-002 1.133239e-005
