0.000000000000000e+000 0.000000e+000
9.765625114122045e-011 2.043179e-008
1.953125022824409e-010 4.352925e-008
9.765625000000001e-009 2.404695e-006
1.855238872655431e-008 4.257737e-006
2.733915245310863e-008 5.892116e-006
3.612591617966294e-008 7.307832e-006
4.491267990621725e-008 8.504884e-006
5.369944363277157e-008 9.483272e-006
6.248620735932587e-008 1.024300e-005
7.127297108588017e-008 1.078406e-005
9.589721946971922e-008 1.160281e-005
1.257985295103089e-007 1.168271e-005
1.754728456936904e-007 1.125583e-005
5.651256361751044e-007 1.174230e-005
9.547784266565183e-007 1.333629e-005
1.344431217137932e-006 1.603780e-005
1.734084007619346e-006 1.984685e-005
2.123736798100760e-006 2.476341e-005
2.513389588582174e-006 3.078751e-005
2.903042379063587e-006 3.791913e-005
5.484844522977819e-006 1.082057e-004
9.978060233204971e-006 3.111019e-004
1.486987785459640e-005 6.421365e-004
1.984076457575279e-005 1.104364e-003
2.493890995112462e-005 1.714226e-003
3.102237074131284e-005 2.620198e-003
3.879986538923902e-005 4.041120e-003
4.856549038923902e-005 6.191695e-003
5.833111538923902e-005 8.727930e-003
6.809674038923902e-005 1.164637e-002
7.786236538923902e-005 1.492087e-002
8.762799038923901e-005 1.852525e-002
9.739361538923901e-005 2.243340e-002
1.071592403892390e-004 2.661925e-002
1.169248653892390e-004 3.105691e-002
1.266904903892390e-004 3.572065e-002
1.364561153892390e-004 4.058496e-002
1.462217403892390e-004 4.562462e-002
1.559873653892390e-004 5.081473e-002
1.657529903892390e-004 5.613073e-002
1.755186153892391e-004 6.154848e-002
1.852842403892391e-004 6.704424e-002
1.950498653892391e-004 7.259477e-002
2.048154903892391e-004 7.817732e-002
2.145811153892391e-004 8.376968e-002
2.341123653892391e-004 9.489784e-002
2.536436153892391e-004 1.058134e-001
2.731748653892391e-004 1.163607e-001
2.927061153892391e-004 1.263953e-001
3.220029903892392e-004 1.401983e-001
3.512998653892392e-004 1.521543e-001
3.805967403892392e-004 1.619298e-001
4.098936153892392e-004 1.692566e-001
4.391904903892393e-004 1.739320e-001
4.684873653892393e-004 1.758180e-001
4.977842403892393e-004 1.748396e-001
5.270811153892393e-004 1.709821e-001
5.563779903892393e-004 1.642880e-001
5.856748653892393e-004 1.548528e-001
6.149717403892394e-004 1.428201e-001
6.442686153892394e-004 1.283771e-001
6.735654903892394e-004 1.117487e-001
6.930967403892394e-004 9.957485e-002
7.223936153892395e-004 7.988890e-002
7.516904903892395e-004 5.875900e-002
7.809873653892395e-004 3.649957e-002
8.005186153892395e-004 2.119273e-002
8.200498653892395e-004 5.626107e-003
8.395811153892396e-004 -1.010217e-002
8.688779903892396e-004 -3.378417e-002
8.884092403892396e-004 -4.949153e-002
9.079404903892396e-004 -6.502454e-002
9.177061153892396e-004 -7.269701e-002
9.274717403892396e-004 -8.029190e-002
9.372373653892396e-004 -8.779828e-002
9.470029903892397e-004 -9.520546e-002
9.567686153892397e-004 -1.025030e-001
9.665342403892397e-004 -1.096807e-001
9.762998653892397e-004 -1.167286e-001
9.860654903892396e-004 -1.236371e-001
1.005596740389240e-003 -1.369988e-001
1.025127990389240e-003 -1.496949e-001
1.044659240389240e-003 -1.616595e-001
1.064190490389240e-003 -1.728323e-001
1.093487365389240e-003 -1.879896e-001
1.122784240389240e-003 -2.010857e-001
1.152081115389240e-003 -2.119934e-001
1.181377990389240e-003 -2.206173e-001
1.210674865389240e-003 -2.268940e-001
1.239971740389240e-003 -2.307918e-001
1.269268615389240e-003 -2.323101e-001
1.280429329674954e-003 -2.322574e-001
1.291590043960669e-003 -2.318759e-001
1.302750758246383e-003 -2.311656e-001
1.313911472532097e-003 -2.301266e-001
1.325072186817811e-003 -2.287589e-001
1.336232901103526e-003 -2.270624e-001
1.347393615389240e-003 -2.250371e-001
1.366924865389240e-003 -2.207699e-001
1.386456115389240e-003 -2.155875e-001
1.415752990389240e-003 -2.061861e-001
1.445049865389240e-003 -1.949672e-001
1.474346740389240e-003 -1.820987e-001
1.503643615389240e-003 -1.677632e-001
1.532940490389240e-003 -1.521549e-001
1.562237365389240e-003 -1.354769e-001
1.591534240389240e-003 -1.179380e-001
1.609670401103526e-003 -1.066181e-001
1.627806561817812e-003 -9.522469e-002
1.645942722532097e-003 -8.375761e-002
1.664078883246383e-003 -7.221692e-002
1.682215043960669e-003 -6.060260e-002
1.700351204674955e-003 -4.891467e-002
1.718487365389240e-003 -3.715311e-002
1.747784240389240e-003 -1.856958e-002
1.767315490389240e-003 -6.409714e-003
1.777081115389240e-003 -4.185194e-004
1.786846740389240e-003 5.504976e-003
1.796612365389240e-003 1.135457e-002
1.816143615389240e-003 2.280806e-002
1.835674865389240e-003 3.389573e-002
1.855206115389240e-003 4.457431e-002
1.864971740389240e-003 4.974749e-002
1.874737365389240e-003 5.480355e-002
1.884502990389240e-003 5.973798e-002
1.894268615389240e-003 6.454645e-002
1.904034240389240e-003 6.922485e-002
1.913799865389240e-003 7.376927e-002
1.933331115389240e-003 8.244167e-002
1.952862365389240e-003 9.053675e-002
1.972393615389240e-003 9.803112e-002
1.991924865389240e-003 1.049049e-001
2.021221740389239e-003 1.140171e-001
2.050518615389239e-003 1.216566e-001
2.079815490389238e-003 1.278003e-001
2.109112365389237e-003 1.324424e-001
2.138409240389237e-003 1.355933e-001
2.167706115389236e-003 1.372790e-001
2.197002990389235e-003 1.375402e-001
2.212348972532093e-003 1.370979e-001
2.227694954674949e-003 1.363162e-001
2.243040936817806e-003 1.351951e-001
2.258386918960663e-003 1.337344e-001
2.273732901103520e-003 1.319344e-001
2.289078883246376e-003 1.297948e-001
2.304424865389233e-003 1.273158e-001
2.323956115389233e-003 1.237739e-001
2.343487365389232e-003 1.197836e-001
2.363018615389232e-003 1.153756e-001
2.392315490389231e-003 1.080507e-001
2.421612365389231e-003 9.996974e-002
2.450909240389230e-003 9.124735e-002
2.480206115389229e-003 8.199999e-002
2.509502990389229e-003 7.234462e-002
2.538799865389228e-003 6.239730e-002
2.568096740389228e-003 5.227213e-002
2.584837811817799e-003 4.640267e-002
2.601578883246370e-003 4.057873e-002
2.618319954674941e-003 3.480030e-002
2.635061026103512e-003 2.906739e-002
2.651802097532083e-003 2.338000e-002
2.668543168960654e-003 1.773812e-002
2.685284240389225e-003 1.214177e-002
2.704815490389225e-003 5.800931e-003
2.714581115389224e-003 2.692495e-003
2.724346740389224e-003 -3.707019e-004
2.734112365389224e-003 -3.385842e-003
2.743877990389224e-003 -6.350207e-003
2.763409240389223e-003 -1.211626e-002
2.782940490389223e-003 -1.764918e-002
2.802471740389223e-003 -2.293100e-002
2.822002990389222e-003 -2.794546e-002
2.841534240389222e-003 -3.267807e-002
2.861065490389221e-003 -3.711607e-002
2.880596740389221e-003 -4.124852e-002
2.909893615389220e-003 -4.685459e-002
2.939190490389220e-003 -5.172916e-002
2.968487365389219e-003 -5.585722e-002
2.997784240389218e-003 -5.923221e-002
3.027081115389218e-003 -6.185568e-002
3.056377990389217e-003 -6.373687e-002
3.085674865389217e-003 -6.489224e-002
3.106601204674930e-003 -6.525107e-002
3.127527543960644e-003 -6.529518e-002
3.148453883246358e-003 -6.502457e-002
3.169380222532072e-003 -6.443925e-002
3.190306561817786e-003 -6.353921e-002
3.211232901103500e-003 -6.232446e-002
3.232159240389213e-003 -6.079499e-002
3.261456115389213e-003 -5.827522e-002
3.280987365389212e-003 -5.633838e-002
3.310284240389212e-003 -5.308642e-002
3.339581115389211e-003 -4.946634e-002
3.368877990389211e-003 -4.553304e-002
3.398174865389210e-003 -4.134189e-002
3.427471740389209e-003 -3.694820e-002
3.456768615389209e-003 -3.240656e-002
3.476299865389208e-003 -2.928741e-002
3.495831115389208e-003 -2.617778e-002
3.515362365389207e-003 -2.307768e-002
3.534893615389207e-003 -1.998711e-002
3.554424865389207e-003 -1.690606e-002
3.573956115389206e-003 -1.383455e-002
3.593487365389206e-003 -1.077255e-002
3.622784240389205e-003 -6.339328e-003
3.642315490389205e-003 -3.472548e-003
3.661846740389204e-003 -6.890962e-004
3.671612365389204e-003 6.682994e-004
3.691143615389204e-003 3.308683e-003
3.710674865389203e-003 5.842760e-003
3.730206115389203e-003 8.262701e-003
3.759502990389202e-003 1.166344e-002
3.788799865389202e-003 1.477139e-002
3.818096740389201e-003 1.757023e-002
3.847393615389200e-003 2.004766e-002
3.876690490389200e-003 2.219531e-002
3.905987365389199e-003 2.400862e-002
3.935284240389199e-003 2.548670e-002
3.960395847532055e-003 2.647002e-002
3.985507454674912e-003 2.722977e-002
4.010619061817769e-003 2.776593e-002
4.035730668960625e-003 2.807852e-002
4.060842276103482e-003 2.816753e-002
4.085953883246339e-003 2.803296e-002
4.111065490389195e-003 2.767482e-002
4.136177097532051e-003 2.711401e-002
4.161288704674909e-003 2.641157e-002
4.186400311817765e-003 2.556751e-002
4.211511918960621e-003 2.458183e-002
4.236623526103479e-003 2.345452e-002
4.261735133246335e-003 2.218558e-002
4.286846740389191e-003 2.077501e-002
4.311958347532048e-003 1.927460e-002
4.337069954674905e-003 1.773582e-002
4.362181561817761e-003 1.615870e-002
4.387293168960618e-003 1.454321e-002
4.412404776103475e-003 1.288937e-002
4.437516383246331e-003 1.119717e-002
4.462627990389188e-003 9.466620e-003
4.482159240389187e-003 8.141339e-003
4.501690490389187e-003 6.840400e-003
4.521221740389186e-003 5.563803e-003
4.540752990389186e-003 4.311547e-003
4.560284240389186e-003 3.083634e-003
4.579815490389185e-003 1.880063e-003
4.599346740389185e-003 7.008336e-004
4.618877990389184e-003 -4.264367e-004
4.648174865389184e-003 -2.034431e-003
4.677471740389183e-003 -3.533347e-003
4.706768615389182e-003 -4.913970e-003
4.736065490389182e-003 -6.168798e-003
4.765362365389181e-003 -7.292021e-003
4.794659240389181e-003 -8.279493e-003
4.825351204674895e-003 -9.157855e-003
4.856043168960608e-003 -9.889748e-003
4.886735133246322e-003 -1.047517e-002
4.917427097532035e-003 -1.091413e-002
4.948119061817749e-003 -1.120661e-002
4.978811026103463e-003 -1.135263e-002
5.009502990389176e-003 -1.135218e-002
5.040194954674890e-003 -1.121064e-002
5.070886918960603e-003 -1.097663e-002
5.101578883246317e-003 -1.065015e-002
5.132270847532030e-003 -1.023121e-002
5.162962811817744e-003 -9.719798e-003
5.193654776103458e-003 -9.115921e-003
5.224346740389171e-003 -8.419577e-003
5.250853436817742e-003 -7.780184e-003
5.277360133246313e-003 -7.124996e-003
5.303866829674884e-003 -6.454012e-003
5.330373526103454e-003 -5.767232e-003
5.356880222532025e-003 -5.064657e-003
5.383386918960596e-003 -4.346286e-003
5.409893615389167e-003 -3.612119e-003
5.435005222532024e-003 -2.928558e-003
5.460116829674881e-003 -2.265770e-003
5.485228436817737e-003 -1.623756e-003
5.510340043960594e-003 -1.002515e-003
5.535451651103451e-003 -4.020478e-004
5.560563258246307e-003 1.776460e-004
5.585674865389164e-003 7.365663e-004
5.626132454674877e-003 1.561582e-003
5.666590043960590e-003 2.284399e-003
5.707047633246304e-003 2.905016e-003
5.747505222532017e-003 3.423434e-003
5.787962811817731e-003 3.839653e-003
5.828420401103445e-003 4.153672e-003
5.868877990389158e-003 4.365493e-003
5.906545401103442e-003 4.454683e-003
5.944212811817728e-003 4.478755e-003
5.981880222532012e-003 4.437710e-003
6.019547633246298e-003 4.331548e-003
6.057215043960582e-003 4.160268e-003
6.094882454674868e-003 3.923870e-003
6.132549865389152e-003 3.622355e-003
6.166032008246294e-003 3.324226e-003
6.199514151103436e-003 3.015230e-003
6.232996293960578e-003 2.695370e-003
6.266478436817721e-003 2.364644e-003
6.299960579674863e-003 2.023053e-003
6.333442722532005e-003 1.670597e-003
6.366924865389147e-003 1.307275e-003
6.405987365389146e-003 8.961830e-004
6.445049865389145e-003 5.122186e-004
6.484112365389145e-003 1.553815e-004
6.523174865389144e-003 -1.743284e-004
6.562237365389143e-003 -4.769110e-004
6.601299865389142e-003 -7.523664e-004
6.640362365389141e-003 -1.000694e-003
6.691980668960569e-003 -1.251236e-003
6.743598972531996e-003 -1.442706e-003
6.795217276103424e-003 -1.575103e-003
6.846835579674851e-003 -1.648428e-003
6.898453883246279e-003 -1.662682e-003
6.950072186817706e-003 -1.617863e-003
7.001690490389134e-003 -1.513972e-003
7.043543168960561e-003 -1.400402e-003
7.085395847531989e-003 -1.276316e-003
7.127248526103416e-003 -1.141715e-003
7.169101204674845e-003 -9.965975e-004
7.210953883246272e-003 -8.409643e-004
7.252806561817700e-003 -6.748152e-004
7.294659240389127e-003 -4.981502e-004
7.350462811817698e-003 -2.713964e-004
7.406266383246268e-003 -6.804186e-005
7.462069954674838e-003 1.119134e-004
7.517873526103409e-003 2.684692e-004
7.573677097531978e-003 4.016258e-004
7.629480668960549e-003 5.113831e-004
7.685284240389119e-003 5.977410e-004
7.743877990389118e-003 6.413849e-004
7.802471740389116e-003 6.633426e-004
7.861065490389115e-003 6.636143e-004
7.919659240389114e-003 6.421999e-004
7.978252990389113e-003 5.990994e-004
8.036846740389111e-003 5.343128e-004
8.095440490389110e-003 4.478401e-004
8.162404776103395e-003 3.417695e-004
8.229369061817678e-003 2.435293e-004
8.296333347531963e-003 1.531195e-004
8.363297633246248e-003 7.054003e-005
8.430261918960532e-003 -4.209063e-006
8.497226204674815e-003 -7.112779e-005
8.564190490389100e-003 -1.302162e-004
8.643710579674812e-003 -1.628715e-004
8.723230668960526e-003 -1.815421e-004
8.802750758246238e-003 -1.862278e-004
8.882270847531950e-003 -1.769287e-004
8.961790936817664e-003 -1.536447e-004
9.041311026103376e-003 -1.163759e-004
9.120831115389088e-003 -6.512223e-005
9.201746293960516e-003 -1.779709e-005
9.282661472531942e-003 2.281200e-005
9.363576651103369e-003 5.670503e-005
9.444491829674795e-003 8.388201e-005
9.525407008246223e-003 1.043429e-004
9.606322186817649e-003 1.180878e-004
9.687237365389076e-003 1.251167e-004
9.697002990389076e-003 1.252446e-004
9.999990234375001e-003 9.126631e-005
1.000000000000000e-002 9.126446e-005
