0.000000000000000e+000 0.000000e+000
9.765625114122045e-011 1.918955e-008
1.953125022824409e-010 4.104718e-008
7.119601125461110e-007 7.209154e-006
1.423724912589940e-006 1.254930e-005
2.135489712633768e-006 1.606148e-005
2.847254512677597e-006 1.774569e-005
3.559019312721426e-006 1.760194e-005
4.270784112765253e-006 1.563023e-005
4.982548912809081e-006 1.183056e-005
8.377396949464833e-006 1.338873e-005
1.248104288588133e-005 1.685592e-005
1.626017543568453e-005 2.230529e-005
2.032495618994476e-005 3.174405e-005
2.550231377036696e-005 5.038712e-005
3.188172416671808e-005 8.580822e-005
3.999090477798419e-005 1.549087e-004
4.975652977798419e-005 2.783292e-004
5.952215477798420e-005 4.538249e-004
6.928777977798420e-005 6.921265e-004
7.905340477798419e-005 1.001735e-003
8.881902977798419e-005 1.390627e-003
9.858465477798418e-005 1.866261e-003
1.083502797779842e-004 2.435574e-003
1.181159047779842e-004 3.104992e-003
1.278815297779842e-004 3.880428e-003
1.376471547779842e-004 4.767293e-003
1.474127797779842e-004 5.770494e-003
1.571784047779842e-004 6.894442e-003
1.669440297779842e-004 8.143062e-003
1.767096547779842e-004 9.519791e-003
1.864752797779842e-004 1.102759e-002
1.962409047779842e-004 1.266896e-002
2.060065297779842e-004 1.444591e-002
2.157721547779843e-004 1.636003e-002
2.255377797779843e-004 1.841244e-002
2.353034047779843e-004 2.060383e-002
2.450690297779843e-004 2.293445e-002
2.548346547779843e-004 2.540413e-002
2.646002797779843e-004 2.801231e-002
2.841315297779843e-004 3.363979e-002
3.036627797779843e-004 3.980438e-002
3.231940297779843e-004 4.648760e-002
3.427252797779844e-004 5.366529e-002
3.622565297779844e-004 6.130804e-002
3.817877797779844e-004 6.938148e-002
4.013190297779844e-004 7.784669e-002
4.208502797779844e-004 8.666054e-002
4.403815297779845e-004 9.577610e-002
4.599127797779845e-004 1.051430e-001
4.892096547779844e-004 1.195470e-001
5.185065297779845e-004 1.342048e-001
5.478034047779845e-004 1.489149e-001
5.771002797779845e-004 1.634682e-001
6.036069762065559e-004 1.767079e-001
6.301136726351275e-004 1.890960e-001
6.566203690636989e-004 2.006324e-001
6.831270654922704e-004 2.113173e-001
7.096337619208418e-004 2.211505e-001
7.361404583494133e-004 2.301321e-001
7.626471547779847e-004 2.382621e-001
7.835734940636990e-004 2.435602e-001
8.044998333494133e-004 2.478174e-001
8.254261726351276e-004 2.510337e-001
8.463525119208420e-004 2.532090e-001
8.672788512065562e-004 2.543434e-001
8.882051904922706e-004 2.544370e-001
9.091315297779848e-004 2.534896e-001
9.272676904922705e-004 2.516326e-001
9.454038512065562e-004 2.488316e-001
9.635400119208421e-004 2.450866e-001
9.816761726351277e-004 2.403974e-001
9.998123333494135e-004 2.347642e-001
1.017948494063699e-003 2.281869e-001
1.036084654777985e-003 2.206655e-001
1.065381529777985e-003 2.064523e-001
1.094678404777985e-003 1.897506e-001
1.123975279777985e-003 1.706027e-001
1.153272154777985e-003 1.490735e-001
1.182569029777985e-003 1.252501e-001
1.202100279777985e-003 1.081463e-001
1.221631529777985e-003 9.010817e-002
1.231397154777985e-003 8.075158e-002
1.241162779777985e-003 7.117728e-002
1.250928404777985e-003 6.139105e-002
1.270459654777985e-003 4.120711e-002
1.280225279777985e-003 3.082211e-002
1.289990904777985e-003 2.025060e-002
1.299756529777985e-003 9.499469e-003
1.309522154777985e-003 -1.424169e-003
1.319287779777985e-003 -1.251301e-002
1.329053404777985e-003 -2.375956e-002
1.348584654777985e-003 -4.669485e-002
1.377881529777985e-003 -8.208261e-002
1.398807869063699e-003 -1.082043e-001
1.419734208349414e-003 -1.345109e-001
1.440660547635128e-003 -1.610025e-001
1.461586886920843e-003 -1.876790e-001
1.482513226206557e-003 -2.145405e-001
1.503439565492271e-003 -2.415869e-001
1.524365904777985e-003 -2.688183e-001
1.553662779777985e-003 -3.070057e-001
1.582959654777985e-003 -3.439590e-001
1.612256529777985e-003 -3.796780e-001
1.641553404777986e-003 -4.141629e-001
1.670850279777986e-003 -4.474137e-001
1.700147154777986e-003 -4.794302e-001
1.729444029777986e-003 -5.102126e-001
1.758740904777986e-003 -5.382061e-001
1.788037779777986e-003 -5.638340e-001
1.807569029777986e-003 -5.794949e-001
1.827100279777986e-003 -5.939435e-001
1.836865904777986e-003 -6.006945e-001
1.846631529777986e-003 -6.071204e-001
1.866162779777986e-003 -6.189698e-001
1.895459654777986e-003 -6.341405e-001
1.906620369063700e-003 -6.390866e-001
1.917781083349414e-003 -6.435318e-001
1.928941797635128e-003 -6.474762e-001
1.940102511920843e-003 -6.509197e-001
1.951263226206557e-003 -6.538623e-001
1.962423940492271e-003 -6.563040e-001
1.973584654777985e-003 -6.582448e-001
1.994510994063699e-003 -6.604820e-001
2.015437333349413e-003 -6.607988e-001
2.036363672635127e-003 -6.591950e-001
2.057290011920841e-003 -6.556708e-001
2.078216351206555e-003 -6.502261e-001
2.099142690492268e-003 -6.428609e-001
2.120069029777982e-003 -6.335753e-001
2.140995369063696e-003 -6.222536e-001
2.161921708349410e-003 -6.090605e-001
2.182848047635124e-003 -5.939959e-001
2.203774386920838e-003 -5.770599e-001
2.224700726206552e-003 -5.582524e-001
2.245627065492265e-003 -5.375735e-001
2.266553404777979e-003 -5.150231e-001
2.283294476206550e-003 -4.957093e-001
2.300035547635121e-003 -4.753883e-001
2.316776619063692e-003 -4.540599e-001
2.333517690492263e-003 -4.317244e-001
2.350258761920835e-003 -4.083816e-001
2.366999833349405e-003 -3.840315e-001
2.383740904777977e-003 -3.586742e-001
2.399086886920834e-003 -3.346475e-001
2.414432869063690e-003 -3.100026e-001
2.429778851206547e-003 -2.847394e-001
2.445124833349404e-003 -2.588580e-001
2.460470815492261e-003 -2.323583e-001
2.475816797635117e-003 -2.052404e-001
2.491162779777974e-003 -1.775043e-001
2.520459654777974e-003 -1.234131e-001
2.549756529777973e-003 -6.783652e-002
2.569287779777973e-003 -3.010622e-002
2.579053404777972e-003 -1.107102e-002
2.588819029777972e-003 8.062313e-003
2.618115904777972e-003 6.593497e-002
2.637647154777971e-003 1.050352e-001
2.657178404777971e-003 1.440036e-001
2.676709654777970e-003 1.828402e-001
2.696240904777970e-003 2.215451e-001
2.715772154777970e-003 2.601181e-001
2.735303404777969e-003 2.985594e-001
2.754834654777969e-003 3.368689e-001
2.785526619063682e-003 3.965706e-001
2.816218583349396e-003 4.538560e-001
2.846910547635109e-003 5.087251e-001
2.877602511920823e-003 5.611778e-001
2.908294476206537e-003 6.112141e-001
2.938986440492251e-003 6.588342e-001
2.969678404777964e-003 7.040378e-001
2.993394922635106e-003 7.361746e-001
3.017111440492249e-003 7.657852e-001
3.040827958349391e-003 7.928697e-001
3.064544476206534e-003 8.174280e-001
3.088260994063676e-003 8.394602e-001
3.111977511920818e-003 8.589663e-001
3.135694029777961e-003 8.759462e-001
3.145459654777960e-003 8.820210e-001
3.155225279777960e-003 8.875975e-001
3.164990904777960e-003 8.926756e-001
3.174756529777960e-003 8.972554e-001
3.184522154777960e-003 9.013368e-001
3.194287779777959e-003 9.049199e-001
3.204053404777959e-003 9.080047e-001
3.223584654777959e-003 9.126198e-001
3.236140458349387e-003 9.145036e-001
3.248696261920816e-003 9.155235e-001
3.261252065492244e-003 9.156795e-001
3.273807869063672e-003 9.149716e-001
3.286363672635100e-003 9.133998e-001
3.298919476206529e-003 9.109641e-001
3.311475279777957e-003 9.076645e-001
3.332401619063671e-003 9.001697e-001
3.353327958349384e-003 8.903386e-001
3.374254297635098e-003 8.781712e-001
3.395180636920812e-003 8.636676e-001
3.416106976206526e-003 8.468278e-001
3.437033315492240e-003 8.276516e-001
3.457959654777954e-003 8.061392e-001
3.474700726206525e-003 7.873213e-001
3.491441797635096e-003 7.672072e-001
3.508182869063667e-003 7.457971e-001
3.524923940492238e-003 7.230909e-001
3.541665011920809e-003 6.990887e-001
3.558406083349380e-003 6.737903e-001
3.575147154777951e-003 6.471959e-001
3.594678404777951e-003 6.146114e-001
3.614209654777950e-003 5.807190e-001
3.633740904777950e-003 5.455185e-001
3.653272154777950e-003 5.090101e-001
3.672803404777949e-003 4.711936e-001
3.692334654777949e-003 4.320690e-001
3.711865904777948e-003 3.916365e-001
3.718841351206520e-003 3.770123e-001
3.725816797635091e-003 3.622752e-001
3.732792244063662e-003 3.474253e-001
3.739767690492233e-003 3.324625e-001
3.746743136920805e-003 3.173869e-001
3.753718583349376e-003 3.021985e-001
3.760694029777947e-003 2.868972e-001
3.770459654777947e-003 2.652965e-001
3.780225279777947e-003 2.435494e-001
3.789990904777947e-003 2.216560e-001
3.799756529777946e-003 1.996162e-001
3.809522154777946e-003 1.774300e-001
3.819287779777946e-003 1.550975e-001
3.829053404777946e-003 1.326185e-001
3.837423940492231e-003 1.132766e-001
3.845794476206517e-003 9.388962e-002
3.854165011920803e-003 7.445763e-002
3.862535547635088e-003 5.498063e-002
3.870906083349373e-003 3.545862e-002
3.879276619063659e-003 1.589159e-002
3.887647154777945e-003 -3.720459e-003
3.900202958349373e-003 -3.320513e-002
3.912758761920801e-003 -6.262436e-002
3.925314565492230e-003 -9.197815e-002
3.937870369063658e-003 -1.212665e-001
3.950426172635087e-003 -1.504894e-001
3.962981976206515e-003 -1.796469e-001
3.975537779777943e-003 -2.087389e-001
4.002044476206514e-003 -2.700597e-001
4.028551172635085e-003 -3.297379e-001
4.055057869063656e-003 -3.877734e-001
4.081564565492226e-003 -4.441665e-001
4.108071261920797e-003 -4.989169e-001
4.134577958349368e-003 -5.520247e-001
4.161084654777939e-003 -6.034900e-001
4.188986440492224e-003 -6.548598e-001
4.216888226206510e-003 -7.026822e-001
4.244790011920794e-003 -7.469570e-001
4.272691797635080e-003 -7.876843e-001
4.300593583349365e-003 -8.248641e-001
4.328495369063650e-003 -8.584965e-001
4.356397154777935e-003 -8.885813e-001
4.370348047635078e-003 -9.018536e-001
4.384298940492220e-003 -9.140294e-001
4.398249833349363e-003 -9.251084e-001
4.412200726206505e-003 -9.350908e-001
4.426151619063648e-003 -9.439766e-001
4.440102511920790e-003 -9.517656e-001
4.454053404777933e-003 -9.584581e-001
4.465214119063647e-003 -9.629761e-001
4.476374833349361e-003 -9.667565e-001
4.487535547635075e-003 -9.697993e-001
4.498696261920789e-003 -9.721043e-001
4.509856976206503e-003 -9.736717e-001
4.521017690492217e-003 -9.745014e-001
4.532178404777931e-003 -9.745934e-001
4.547524386920788e-003 -9.734861e-001
4.562870369063645e-003 -9.709873e-001
4.578216351206502e-003 -9.670969e-001
4.593562333349358e-003 -9.618150e-001
4.608908315492215e-003 -9.551415e-001
4.624254297635072e-003 -9.470766e-001
4.639600279777929e-003 -9.376200e-001
4.661921708349357e-003 -9.212995e-001
4.684243136920785e-003 -9.023172e-001
4.706564565492213e-003 -8.806730e-001
4.728885994063642e-003 -8.563669e-001
4.751207422635070e-003 -8.293990e-001
4.773528851206498e-003 -7.997692e-001
4.795850279777926e-003 -7.674776e-001
4.811196261920782e-003 -7.439359e-001
4.826542244063640e-003 -7.194020e-001
4.841888226206496e-003 -6.938757e-001
4.857234208349353e-003 -6.673571e-001
4.872580190492209e-003 -6.398462e-001
4.887926172635067e-003 -6.113430e-001
4.903272154777923e-003 -5.818475e-001
4.915827958349352e-003 -5.570963e-001
4.928383761920780e-003 -5.318620e-001
4.940939565492208e-003 -5.061445e-001
4.953495369063637e-003 -4.799440e-001
4.966051172635065e-003 -4.532604e-001
4.978606976206493e-003 -4.260936e-001
4.991162779777921e-003 -3.984438e-001
5.020459654777921e-003 -3.326021e-001
5.030225279777921e-003 -3.102077e-001
5.039990904777920e-003 -2.876622e-001
5.049756529777920e-003 -2.649654e-001
5.059522154777920e-003 -2.421174e-001
5.069287779777920e-003 -2.191183e-001
5.079053404777920e-003 -1.959679e-001
5.088819029777919e-003 -1.726663e-001
5.098584654777919e-003 -1.492602e-001
5.108350279777919e-003 -1.257994e-001
5.118115904777919e-003 -1.022839e-001
5.127881529777919e-003 -7.871360e-002
5.137647154777918e-003 -5.508858e-002
5.147412779777918e-003 -3.140883e-002
5.157178404777918e-003 -7.674328e-003
5.168339119063632e-003 1.946929e-002
5.179499833349346e-003 4.654688e-002
5.190660547635060e-003 7.355845e-002
5.201821261920774e-003 1.005040e-001
5.212981976206488e-003 1.273835e-001
5.224142690492202e-003 1.541970e-001
5.235303404777916e-003 1.809445e-001
5.260415011920773e-003 2.410257e-001
5.285526619063630e-003 2.996080e-001
5.310638226206486e-003 3.566913e-001
5.335749833349343e-003 4.122756e-001
5.360861440492200e-003 4.663609e-001
5.385973047635056e-003 5.189473e-001
5.411084654777913e-003 5.700347e-001
5.438986440492197e-003 6.241149e-001
5.466888226206483e-003 6.746066e-001
5.494790011920768e-003 7.215099e-001
5.522691797635053e-003 7.648248e-001
5.550593583349338e-003 8.045513e-001
5.578495369063624e-003 8.406893e-001
5.606397154777908e-003 8.732389e-001
5.620348047635051e-003 8.877119e-001
5.634298940492193e-003 9.010697e-001
5.648249833349336e-003 9.133123e-001
5.662200726206479e-003 9.244398e-001
5.676151619063622e-003 9.344521e-001
5.690102511920763e-003 9.433492e-001
5.704053404777906e-003 9.511311e-001
5.713819029777906e-003 9.558732e-001
5.723584654777906e-003 9.600406e-001
5.733350279777906e-003 9.636333e-001
5.743115904777905e-003 9.666513e-001
5.752881529777905e-003 9.690947e-001
5.762647154777905e-003 9.709634e-001
5.772412779777905e-003 9.722574e-001
5.780783315492190e-003 9.729015e-001
5.789153851206476e-003 9.731198e-001
5.797524386920761e-003 9.729125e-001
5.805894922635047e-003 9.722794e-001
5.814265458349332e-003 9.712207e-001
5.822635994063618e-003 9.697363e-001
5.831006529777904e-003 9.678262e-001
5.851932869063618e-003 9.611108e-001
5.872859208349331e-003 9.518487e-001
5.893785547635045e-003 9.400401e-001
5.914711886920759e-003 9.256850e-001
5.935638226206473e-003 9.087833e-001
5.956564565492186e-003 8.893350e-001
5.977490904777900e-003 8.673401e-001
5.994231976206472e-003 8.480163e-001
6.010973047635043e-003 8.273048e-001
6.027714119063614e-003 8.052059e-001
6.044455190492184e-003 7.817193e-001
6.061196261920756e-003 7.568452e-001
6.077937333349327e-003 7.305835e-001
6.094678404777898e-003 7.029343e-001
6.112814565492183e-003 6.715300e-001
6.130950726206469e-003 6.389214e-001
6.149086886920754e-003 6.051085e-001
6.167223047635040e-003 5.700913e-001
6.185359208349324e-003 5.338697e-001
6.203495369063610e-003 4.964437e-001
6.221631529777895e-003 4.578134e-001
6.231397154777895e-003 4.366850e-001
6.241162779777895e-003 4.153293e-001
6.250928404777895e-003 3.937463e-001
6.260694029777894e-003 3.719362e-001
6.270459654777894e-003 3.498987e-001
6.280225279777894e-003 3.276341e-001
6.289990904777894e-003 3.051422e-001
6.302546708349322e-003 2.759287e-001
6.315102511920750e-003 2.465186e-001
6.327658315492178e-003 2.169119e-001
6.340214119063607e-003 1.871085e-001
6.352769922635036e-003 1.571085e-001
6.365325726206464e-003 1.269118e-001
6.377881529777892e-003 9.651841e-002
6.384856976206463e-003 7.961959e-002
6.391832422635035e-003 6.271036e-002
6.398807869063606e-003 4.579071e-002
6.405783315492177e-003 2.886065e-002
6.412758761920748e-003 1.192017e-002
6.419734208349319e-003 -5.030722e-003
6.426709654777891e-003 -2.199203e-002
6.442055636920747e-003 -5.938036e-002
6.457401619063605e-003 -9.653956e-002
6.472747601206461e-003 -1.334696e-001
6.488093583349318e-003 -1.701705e-001
6.503439565492175e-003 -2.066423e-001
6.518785547635032e-003 -2.428849e-001
6.534131529777889e-003 -2.788984e-001
6.563428404777888e-003 -3.470190e-001
6.592725279777887e-003 -4.124127e-001
6.622022154777887e-003 -4.750796e-001
6.651319029777886e-003 -5.350197e-001
6.680615904777885e-003 -5.922330e-001
6.709912779777885e-003 -6.467194e-001
6.739209654777884e-003 -6.984791e-001
6.762926172635027e-003 -7.372536e-001
6.786642690492169e-003 -7.731243e-001
6.810359208349311e-003 -8.060913e-001
6.834075726206454e-003 -8.361545e-001
6.857792244063596e-003 -8.633140e-001
6.881508761920738e-003 -8.875697e-001
6.905225279777881e-003 -9.089216e-001
6.914990904777880e-003 -9.166849e-001
6.924756529777880e-003 -9.238871e-001
6.934522154777880e-003 -9.305281e-001
6.944287779777880e-003 -9.366080e-001
6.954053404777880e-003 -9.421268e-001
6.963819029777879e-003 -9.470845e-001
6.973584654777879e-003 -9.514810e-001
6.983350279777879e-003 -9.553002e-001
6.993115904777879e-003 -9.585411e-001
7.002881529777879e-003 -9.612038e-001
7.012647154777878e-003 -9.632883e-001
7.022412779777878e-003 -9.647946e-001
7.032178404777878e-003 -9.657227e-001
7.041944029777878e-003 -9.660725e-001
7.054499833349306e-003 -9.656583e-001
7.067055636920734e-003 -9.642908e-001
7.079611440492162e-003 -9.619700e-001
7.092167244063591e-003 -9.586959e-001
7.104723047635020e-003 -9.544684e-001
7.117278851206448e-003 -9.492877e-001
7.129834654777876e-003 -9.431537e-001
7.153551172635018e-003 -9.288355e-001
7.177267690492160e-003 -9.114133e-001
7.200984208349303e-003 -8.908873e-001
7.224700726206445e-003 -8.672573e-001
7.248417244063588e-003 -8.405234e-001
7.272133761920730e-003 -8.106855e-001
7.295850279777872e-003 -7.777437e-001
7.312591351206444e-003 -7.528587e-001
7.329332422635015e-003 -7.267668e-001
7.346073494063586e-003 -6.994679e-001
7.362814565492156e-003 -6.709622e-001
7.379555636920727e-003 -6.412495e-001
7.396296708349299e-003 -6.103299e-001
7.413037779777870e-003 -5.782034e-001
7.424198494063584e-003 -5.562564e-001
7.435359208349298e-003 -5.339183e-001
7.446519922635012e-003 -5.111890e-001
7.457680636920726e-003 -4.880685e-001
7.468841351206440e-003 -4.645569e-001
7.480002065492154e-003 -4.406541e-001
7.491162779777868e-003 -4.163602e-001
7.520459654777868e-003 -3.512079e-001
7.530225279777867e-003 -3.290182e-001
7.539990904777867e-003 -3.066653e-001
7.549756529777867e-003 -2.841493e-001
7.559522154777867e-003 -2.614702e-001
7.569287779777867e-003 -2.386280e-001
7.579053404777866e-003 -2.156227e-001
7.588819029777866e-003 -1.924544e-001
7.599979744063581e-003 -1.658228e-001
7.611140458349294e-003 -1.391148e-001
7.622301172635008e-003 -1.123304e-001
7.633461886920722e-003 -8.546963e-002
7.644622601206436e-003 -5.853244e-002
7.655783315492150e-003 -3.151884e-002
7.666944029777864e-003 -4.428828e-003
7.678104744063579e-003 2.266342e-002
7.689265458349292e-003 4.968368e-002
7.700426172635007e-003 7.663195e-002
7.711586886920720e-003 1.035082e-001
7.722747601206435e-003 1.303125e-001
7.733908315492148e-003 1.570448e-001
7.745069029777863e-003 1.837051e-001
7.770180636920719e-003 2.435667e-001
7.795292244063576e-003 3.018915e-001
7.820403851206432e-003 3.586793e-001
7.845515458349290e-003 4.139302e-001
7.870627065492146e-003 4.676443e-001
7.895738672635003e-003 5.198214e-001
7.920850279777859e-003 5.704616e-001
7.947356976206429e-003 6.213421e-001
7.973863672635001e-003 6.689776e-001
8.000370369063571e-003 7.133679e-001
8.026877065492143e-003 7.545131e-001
8.053383761920713e-003 7.924133e-001
8.079890458349285e-003 8.270684e-001
8.106397154777855e-003 8.584784e-001
8.120348047634998e-003 8.732917e-001
8.134298940492141e-003 8.869932e-001
8.148249833349283e-003 8.995828e-001
8.162200726206425e-003 9.110605e-001
8.176151619063567e-003 9.214263e-001
8.190102511920710e-003 9.306802e-001
8.204053404777853e-003 9.388223e-001
8.215214119063567e-003 9.444856e-001
8.226374833349282e-003 9.493979e-001
8.237535547634995e-003 9.535591e-001
8.248696261920709e-003 9.569693e-001
8.259856976206422e-003 9.596284e-001
8.271017690492138e-003 9.615365e-001
8.282178404777851e-003 9.626935e-001
8.290548940492137e-003 9.630589e-001
8.298919476206422e-003 9.629987e-001
8.307290011920708e-003 9.625130e-001
8.315660547634994e-003 9.616017e-001
8.324031083349280e-003 9.602649e-001
8.332401619063564e-003 9.585024e-001
8.340772154777850e-003 9.563144e-001
8.361698494063563e-003 9.489023e-001
8.382624833349279e-003 9.389560e-001
8.403551172634992e-003 9.264757e-001
8.424477511920705e-003 9.114613e-001
8.445403851206419e-003 8.939127e-001
8.466330190492134e-003 8.738301e-001
8.487256529777847e-003 8.512134e-001
8.502602511920704e-003 8.331323e-001
8.517948494063560e-003 8.138893e-001
8.533294476206417e-003 7.934843e-001
8.548640458349275e-003 7.719174e-001
8.563986440492132e-003 7.491884e-001
8.579332422634988e-003 7.252975e-001
8.594678404777845e-003 7.002447e-001
8.612814565492130e-003 6.692173e-001
8.630950726206415e-003 6.369756e-001
8.649086886920700e-003 6.035196e-001
8.667223047634986e-003 5.688493e-001
8.685359208349272e-003 5.329646e-001
8.703495369063556e-003 4.958656e-001
8.721631529777842e-003 4.575523e-001
8.731397154777842e-003 4.365899e-001
8.741162779777842e-003 4.153972e-001
8.750928404777841e-003 3.939741e-001
8.760694029777841e-003 3.723206e-001
8.770459654777841e-003 3.504368e-001
8.780225279777841e-003 3.283225e-001
8.789990904777841e-003 3.059779e-001
8.802546708349270e-003 2.769492e-001
8.815102511920697e-003 2.477186e-001
8.827658315492126e-003 2.182861e-001
8.840214119063553e-003 1.886517e-001
8.852769922634982e-003 1.588154e-001
8.865325726206410e-003 1.287772e-001
8.877881529777839e-003 9.853702e-002
8.889042244063552e-003 7.158681e-002
8.900202958349267e-003 4.463369e-002
8.911363672634981e-003 1.767766e-002
8.922524386920695e-003 -9.281269e-003
8.933685101206408e-003 -3.624311e-002
8.944845815492123e-003 -6.320785e-002
8.956006529777837e-003 -9.017550e-002
8.976932869063550e-003 -1.407695e-001
8.997859208349265e-003 -1.906340e-001
9.018785547634979e-003 -2.397692e-001
9.039711886920692e-003 -2.881750e-001
9.060638226206405e-003 -3.358514e-001
9.081564565492120e-003 -3.827984e-001
9.102490904777834e-003 -4.290160e-001
9.133182869063547e-003 -4.949716e-001
9.163874833349262e-003 -5.571239e-001
9.194566797634975e-003 -6.154730e-001
9.225258761920688e-003 -6.700187e-001
9.255950726206401e-003 -7.207612e-001
9.286642690492116e-003 -7.677004e-001
9.317334654777829e-003 -8.108364e-001
9.334075726206400e-003 -8.319914e-001
9.350816797634972e-003 -8.515945e-001
9.367557869063542e-003 -8.696459e-001
9.384298940492114e-003 -8.861454e-001
9.401040011920684e-003 -9.010930e-001
9.417781083349256e-003 -9.144888e-001
9.434522154777827e-003 -9.263328e-001
9.444287779777827e-003 -9.324518e-001
9.454053404777826e-003 -9.380016e-001
9.463819029777826e-003 -9.429823e-001
9.473584654777826e-003 -9.473937e-001
9.483350279777826e-003 -9.512360e-001
9.493115904777826e-003 -9.545091e-001
9.502881529777825e-003 -9.572130e-001
9.515437333349254e-003 -9.598342e-001
9.527993136920682e-003 -9.614982e-001
9.540548940492111e-003 -9.622049e-001
9.553104744063538e-003 -9.619544e-001
9.565660547634967e-003 -9.607466e-001
9.578216351206394e-003 -9.585816e-001
9.590772154777823e-003 -9.554593e-001
9.611698494063537e-003 -9.480495e-001
9.632624833349252e-003 -9.381069e-001
9.653551172634965e-003 -9.256316e-001
9.674477511920679e-003 -9.106235e-001
9.695403851206392e-003 -8.930827e-001
9.716330190492107e-003 -8.730092e-001
9.737256529777820e-003 -8.504029e-001
9.786084654777819e-003 -7.888892e-001
9.802825726206390e-003 -7.648944e-001
9.819566797634962e-003 -7.396637e-001
9.836307869063532e-003 -7.131971e-001
9.853048940492104e-003 -6.854947e-001
9.869790011920674e-003 -6.565563e-001
9.886531083349246e-003 -6.263821e-001
9.903272154777817e-003 -5.949720e-001
9.914432869063530e-003 -5.734825e-001
9.925593583349246e-003 -5.515858e-001
9.936754297634959e-003 -5.292819e-001
9.947915011920673e-003 -5.065708e-001
9.959075726206386e-003 -4.834525e-001
9.970236440492102e-003 -4.599271e-001
9.981397154777815e-003 -4.359944e-001
9.991162779777815e-003 -4.148165e-001
1.000000000000000e-002 -3.954846e-001
