0.000000000000000e+000 0.000000e+000
9.765625114122045e-011 1.917249e-008
1.953125022824409e-010 4.101070e-008
3.821239070660357e-007 6.881663e-006
7.640525016297890e-007 1.198640e-005
1.145981096193542e-006 1.535521e-005
1.527909690757296e-006 1.698810e-005
1.909838285321049e-006 1.688507e-005
2.291766879884802e-006 1.504611e-005
2.673695474448555e-006 1.147124e-005
4.983145244794274e-006 1.221836e-005
8.175123268888429e-006 1.405749e-005
1.205634312430672e-005 1.795163e-005
1.558173209652746e-005 2.384882e-005
1.967495060066992e-005 3.469153e-005
2.454631046089068e-005 5.460051e-005
3.081272939175138e-005 9.387667e-005
3.851161776648931e-005 1.679625e-004
4.827724276648931e-005 3.079010e-004
5.804286776648931e-005 5.077184e-004
6.780849276648931e-005 7.804219e-004
7.757411776648931e-005 1.135800e-003
8.733974276648930e-005 1.582875e-003
9.710536776648930e-005 2.129897e-003
1.068709927664893e-004 2.784338e-003
1.166366177664893e-004 3.552890e-003
1.264022427664893e-004 4.441466e-003
1.361678677664893e-004 5.455201e-003
1.459334927664893e-004 6.598449e-003
1.556991177664893e-004 7.874800e-003
1.654647427664893e-004 9.287073e-003
1.752303677664893e-004 1.083733e-002
1.849959927664894e-004 1.252690e-002
1.947616177664894e-004 1.435635e-002
2.045272427664894e-004 1.632555e-002
2.142928677664894e-004 1.843364e-002
2.240584927664894e-004 2.067908e-002
2.338241177664894e-004 2.305965e-002
2.435897427664894e-004 2.557246e-002
2.533553677664894e-004 2.821401e-002
2.728866177664894e-004 3.386613e-002
2.924178677664894e-004 3.997584e-002
3.119491177664894e-004 4.649417e-002
3.314803677664895e-004 5.336406e-002
3.510116177664895e-004 6.052126e-002
3.705428677664895e-004 6.789514e-002
3.900741177664895e-004 7.540962e-002
4.096053677664895e-004 8.298410e-002
4.291366177664895e-004 9.053437e-002
4.584334927664896e-004 1.016238e-001
4.877303677664896e-004 1.121635e-001
5.170272427664896e-004 1.218521e-001
5.463241177664896e-004 1.303936e-001
5.756209927664897e-004 1.375037e-001
6.049178677664897e-004 1.429154e-001
6.342147427664897e-004 1.463856e-001
6.635116177664898e-004 1.476991e-001
6.928084927664898e-004 1.466737e-001
7.221053677664898e-004 1.431637e-001
7.514022427664898e-004 1.370626e-001
7.806991177664899e-004 1.283062e-001
8.002303677664899e-004 1.209811e-001
8.197616177664899e-004 1.124700e-001
8.392928677664899e-004 1.027864e-001
8.588241177664899e-004 9.195236e-002
8.783553677664899e-004 7.999847e-002
8.978866177664900e-004 6.696386e-002
9.174178677664900e-004 5.289586e-002
9.369491177664900e-004 3.784972e-002
9.467147427664900e-004 2.997922e-002
9.564803677664900e-004 2.188833e-002
9.662459927664900e-004 1.358605e-002
9.760116177664900e-004 5.081783e-003
9.857772427664900e-004 -3.614641e-003
9.955428677664900e-004 -1.249301e-002
1.005308492766490e-003 -2.154271e-002
1.024839742766490e-003 -4.011191e-002
1.054136617766490e-003 -6.896567e-002
1.083433492766490e-003 -9.872393e-002
1.112730367766490e-003 -1.290355e-001
1.142027242766490e-003 -1.595333e-001
1.171324117766490e-003 -1.898388e-001
1.200620992766490e-003 -2.195676e-001
1.229917867766490e-003 -2.483345e-001
1.259214742766490e-003 -2.757582e-001
1.278745992766490e-003 -2.931102e-001
1.298277242766490e-003 -3.095926e-001
1.317808492766490e-003 -3.251017e-001
1.337339742766490e-003 -3.395380e-001
1.347105367766490e-003 -3.463239e-001
1.356870992766490e-003 -3.528063e-001
1.366636617766490e-003 -3.589741e-001
1.376402242766490e-003 -3.648166e-001
1.386167867766490e-003 -3.703234e-001
1.405699117766490e-003 -3.802904e-001
1.434995992766490e-003 -3.924862e-001
1.464292867766491e-003 -4.011791e-001
1.483824117766491e-003 -4.049338e-001
1.503355367766491e-003 -4.070010e-001
1.515911171337919e-003 -4.074325e-001
1.528466974909348e-003 -4.071291e-001
1.541022778480776e-003 -4.060911e-001
1.553578582052205e-003 -4.043182e-001
1.566134385623633e-003 -4.018107e-001
1.578690189195062e-003 -3.985683e-001
1.591245992766491e-003 -3.945912e-001
1.607987064195062e-003 -3.880822e-001
1.624728135623633e-003 -3.802977e-001
1.641469207052205e-003 -3.712375e-001
1.658210278480776e-003 -3.609017e-001
1.674951349909348e-003 -3.492904e-001
1.691692421337919e-003 -3.364034e-001
1.708433492766491e-003 -3.222409e-001
1.737730367766491e-003 -2.947118e-001
1.767027242766491e-003 -2.637511e-001
1.796324117766491e-003 -2.295991e-001
1.825620992766491e-003 -1.925310e-001
1.854917867766491e-003 -1.528541e-001
1.884214742766491e-003 -1.109048e-001
1.913511617766491e-003 -6.704488e-002
1.933042867766491e-003 -3.693204e-002
1.952574117766491e-003 -6.258284e-003
1.962339742766491e-003 9.251160e-003
1.981870992766490e-003 4.053824e-002
1.994426796337918e-003 6.087784e-002
2.006982599909347e-003 8.120410e-002
2.019538403480775e-003 1.015170e-001
2.032094207052203e-003 1.218166e-001
2.044650010623632e-003 1.421029e-001
2.057205814195060e-003 1.623758e-001
2.069761617766488e-003 1.826354e-001
2.079527242766488e-003 1.982764e-001
2.089292867766488e-003 2.137823e-001
2.099058492766488e-003 2.291533e-001
2.108824117766488e-003 2.443892e-001
2.118589742766487e-003 2.594902e-001
2.128355367766487e-003 2.744561e-001
2.138120992766487e-003 2.892870e-001
2.154862064195058e-003 3.143728e-001
2.171603135623629e-003 3.386501e-001
2.188344207052200e-003 3.621188e-001
2.205085278480771e-003 3.847790e-001
2.221826349909343e-003 4.066306e-001
2.238567421337913e-003 4.276737e-001
2.255308492766484e-003 4.479082e-001
2.262283939195056e-003 4.559750e-001
2.269259385623627e-003 4.638468e-001
2.276234832052198e-003 4.715235e-001
2.283210278480770e-003 4.790050e-001
2.290185724909341e-003 4.862915e-001
2.297161171337912e-003 4.933830e-001
2.304136617766483e-003 5.002793e-001
2.320877689195055e-003 5.160479e-001
2.337618760623625e-003 5.304615e-001
2.354359832052197e-003 5.435200e-001
2.371100903480768e-003 5.552235e-001
2.387841974909339e-003 5.655719e-001
2.404583046337910e-003 5.745653e-001
2.421324117766481e-003 5.822036e-001
2.440855367766481e-003 5.891500e-001
2.450620992766480e-003 5.918621e-001
2.479917867766480e-003 5.969127e-001
2.496658939195051e-003 5.976922e-001
2.513400010623622e-003 5.969407e-001
2.530141082052193e-003 5.946583e-001
2.546882153480764e-003 5.908449e-001
2.563623224909335e-003 5.855006e-001
2.580364296337906e-003 5.786255e-001
2.597105367766477e-003 5.702193e-001
2.606870992766477e-003 5.646234e-001
2.616636617766477e-003 5.585375e-001
2.626402242766477e-003 5.519617e-001
2.636167867766476e-003 5.448960e-001
2.645933492766476e-003 5.373405e-001
2.655699117766476e-003 5.292950e-001
2.665464742766476e-003 5.207596e-001
2.683600903480761e-003 5.035480e-001
2.701737064195047e-003 4.849185e-001
2.719873224909332e-003 4.648714e-001
2.738009385623617e-003 4.434065e-001
2.756145546337902e-003 4.205238e-001
2.774281707052188e-003 3.962235e-001
2.792417867766473e-003 3.705054e-001
2.811949117766473e-003 3.413967e-001
2.831480367766472e-003 3.112899e-001
2.851011617766472e-003 2.801852e-001
2.870542867766471e-003 2.480823e-001
2.890074117766471e-003 2.149815e-001
2.909605367766471e-003 1.808826e-001
2.929136617766470e-003 1.457857e-001
2.940297332052184e-003 1.255575e-001
2.951458046337898e-003 1.052144e-001
2.962618760623612e-003 8.475640e-002
2.973779474909327e-003 6.418343e-002
2.984940189195040e-003 4.349553e-002
2.996100903480754e-003 2.269270e-002
3.007261617766468e-003 1.774933e-003
3.017027242766468e-003 -1.654526e-002
3.026792867766468e-003 -3.483711e-002
3.036558492766468e-003 -5.310062e-002
3.046324117766468e-003 -7.133577e-002
3.056089742766467e-003 -8.954259e-002
3.065855367766467e-003 -1.077210e-001
3.075620992766467e-003 -1.258712e-001
3.089571885623609e-003 -1.517057e-001
3.103522778480752e-003 -1.772194e-001
3.117473671337895e-003 -2.024121e-001
3.131424564195037e-003 -2.272839e-001
3.145375457052180e-003 -2.518348e-001
3.159326349909323e-003 -2.760648e-001
3.173277242766465e-003 -2.999738e-001
3.181647778480751e-003 -3.140544e-001
3.190018314195036e-003 -3.279370e-001
3.198388849909322e-003 -3.416217e-001
3.206759385623607e-003 -3.551086e-001
3.215129921337892e-003 -3.683974e-001
3.223500457052178e-003 -3.814884e-001
3.231870992766464e-003 -3.943815e-001
3.251402242766463e-003 -4.237344e-001
3.270933492766463e-003 -4.515445e-001
3.290464742766462e-003 -4.778117e-001
3.309995992766462e-003 -5.025359e-001
3.329527242766462e-003 -5.257173e-001
3.349058492766461e-003 -5.473558e-001
3.368589742766461e-003 -5.674514e-001
3.375565189195032e-003 -5.741308e-001
3.382540635623603e-003 -5.805713e-001
3.389516082052175e-003 -5.867731e-001
3.396491528480746e-003 -5.927360e-001
3.403466974909317e-003 -5.984601e-001
3.410442421337888e-003 -6.039454e-001
3.417417867766460e-003 -6.091919e-001
3.431368760623602e-003 -6.189588e-001
3.445319653480745e-003 -6.276924e-001
3.459270546337887e-003 -6.353928e-001
3.473221439195030e-003 -6.420598e-001
3.487172332052172e-003 -6.476936e-001
3.501123224909315e-003 -6.522941e-001
3.515074117766458e-003 -6.558613e-001
3.544370992766457e-003 -6.598414e-001
3.555531707052171e-003 -6.601161e-001
3.566692421337885e-003 -6.597119e-001
3.577853135623599e-003 -6.586288e-001
3.589013849909313e-003 -6.568669e-001
3.600174564195027e-003 -6.544261e-001
3.611335278480741e-003 -6.513065e-001
3.622495992766455e-003 -6.475080e-001
3.637841974909312e-003 -6.411556e-001
3.653187957052169e-003 -6.336010e-001
3.668533939195026e-003 -6.248442e-001
3.683879921337882e-003 -6.148852e-001
3.699225903480739e-003 -6.037239e-001
3.714571885623596e-003 -5.913604e-001
3.729917867766453e-003 -5.777947e-001
3.738288403480739e-003 -5.699384e-001
3.746658939195024e-003 -5.617667e-001
3.755029474909310e-003 -5.532798e-001
3.763400010623595e-003 -5.444775e-001
3.771770546337881e-003 -5.353599e-001
3.780141082052166e-003 -5.259270e-001
3.788511617766452e-003 -5.161788e-001
3.806647778480737e-003 -4.939044e-001
3.824783939195023e-003 -4.704741e-001
3.842920099909308e-003 -4.458881e-001
3.861056260623593e-003 -4.201463e-001
3.879192421337879e-003 -3.932488e-001
3.897328582052164e-003 -3.651954e-001
3.915464742766450e-003 -3.359863e-001
3.934995992766449e-003 -3.034604e-001
3.954527242766449e-003 -2.702698e-001
3.974058492766448e-003 -2.364142e-001
3.993589742766448e-003 -2.018937e-001
4.013120992766447e-003 -1.667084e-001
4.032652242766447e-003 -1.308582e-001
4.052183492766447e-003 -9.434310e-002
4.101011617766446e-003 -2.776248e-003
4.110777242766445e-003 1.562399e-002
4.120542867766445e-003 3.397317e-002
4.130308492766445e-003 5.227131e-002
4.140074117766445e-003 7.051840e-002
4.149839742766445e-003 8.871444e-002
4.159605367766444e-003 1.068594e-001
4.169370992766444e-003 1.249534e-001
4.186112064195015e-003 1.558369e-001
4.202853135623587e-003 1.861917e-001
4.219594207052158e-003 2.160179e-001
4.236335278480728e-003 2.453153e-001
4.253076349909299e-003 2.740842e-001
4.269817421337870e-003 3.023243e-001
4.286558492766442e-003 3.300358e-001
4.315855367766441e-003 3.764053e-001
4.327016082052155e-003 3.934383e-001
4.338176796337869e-003 4.100366e-001
4.349337510623583e-003 4.262000e-001
4.360498224909297e-003 4.419287e-001
4.371658939195011e-003 4.572225e-001
4.382819653480725e-003 4.720815e-001
4.393980367766439e-003 4.865057e-001
4.410721439195011e-003 5.072645e-001
4.427462510623582e-003 5.267883e-001
4.444203582052153e-003 5.450769e-001
4.460944653480723e-003 5.621304e-001
4.477685724909294e-003 5.779488e-001
4.494426796337866e-003 5.925321e-001
4.511167867766437e-003 6.058803e-001
4.520933492766437e-003 6.130045e-001
4.530699117766436e-003 6.196542e-001
4.540464742766436e-003 6.258292e-001
4.550230367766436e-003 6.315297e-001
4.559995992766436e-003 6.367555e-001
4.569761617766436e-003 6.415067e-001
4.579527242766435e-003 6.457834e-001
4.590687957052150e-003 6.500692e-001
4.601848671337863e-003 6.537099e-001
4.613009385623578e-003 6.567055e-001
4.624170099909291e-003 6.590560e-001
4.635330814195006e-003 6.607613e-001
4.646491528480719e-003 6.618215e-001
4.657652242766434e-003 6.622365e-001
4.668812957052148e-003 6.619937e-001
4.679973671337862e-003 6.611087e-001
4.691134385623576e-003 6.595814e-001
4.702295099909290e-003 6.574120e-001
4.713455814195004e-003 6.546003e-001
4.724616528480718e-003 6.511464e-001
4.735777242766432e-003 6.470503e-001
4.752518314195003e-003 6.396743e-001
4.769259385623574e-003 6.309592e-001
4.786000457052146e-003 6.209051e-001
4.802741528480716e-003 6.095119e-001
4.819482599909287e-003 5.967797e-001
4.836223671337858e-003 5.827084e-001
4.852964742766430e-003 5.672981e-001
4.862730367766429e-003 5.577579e-001
4.872495992766429e-003 5.478258e-001
4.882261617766429e-003 5.375018e-001
4.892027242766429e-003 5.267860e-001
4.901792867766429e-003 5.156782e-001
4.911558492766428e-003 5.041786e-001
4.921324117766428e-003 4.922871e-001
4.939460278480713e-003 4.691209e-001
4.957596439194999e-003 4.449336e-001
4.975732599909284e-003 4.197253e-001
4.993868760623570e-003 3.934960e-001
5.012004921337855e-003 3.662456e-001
5.030141082052140e-003 3.379743e-001
5.048277242766425e-003 3.086820e-001
5.067808492766425e-003 2.762123e-001
5.087339742766425e-003 2.431979e-001
5.106870992766424e-003 2.096386e-001
5.126402242766424e-003 1.755346e-001
5.145933492766423e-003 1.408857e-001
5.165464742766423e-003 1.056920e-001
5.184995992766422e-003 6.995356e-002
5.233824117766421e-003 -1.932026e-002
5.249170099909278e-003 -4.747619e-002
5.264516082052135e-003 -7.540555e-002
5.279862064194992e-003 -1.031083e-001
5.295208046337849e-003 -1.305846e-001
5.310554028480705e-003 -1.578342e-001
5.325900010623563e-003 -1.848573e-001
5.341245992766419e-003 -2.116538e-001
5.355196885623562e-003 -2.356419e-001
5.369147778480704e-003 -2.591794e-001
5.383098671337847e-003 -2.822662e-001
5.397049564194990e-003 -3.049024e-001
5.411000457052132e-003 -3.270880e-001
5.424951349909274e-003 -3.488230e-001
5.438902242766417e-003 -3.701074e-001
5.445877689194988e-003 -3.805072e-001
5.452853135623560e-003 -3.907526e-001
5.459828582052131e-003 -4.008437e-001
5.466804028480702e-003 -4.107804e-001
5.473779474909273e-003 -4.205627e-001
5.480754921337845e-003 -4.301906e-001
5.487730367766416e-003 -4.396642e-001
5.507261617766416e-003 -4.654229e-001
5.526792867766415e-003 -4.896380e-001
5.546324117766415e-003 -5.123092e-001
5.565855367766414e-003 -5.334367e-001
5.585386617766414e-003 -5.530204e-001
5.604917867766414e-003 -5.710603e-001
5.624449117766413e-003 -5.875565e-001
5.632819653480698e-003 -5.940426e-001
5.641190189194984e-003 -6.001995e-001
5.649560724909269e-003 -6.060272e-001
5.657931260623555e-003 -6.115256e-001
5.666301796337841e-003 -6.166949e-001
5.674672332052127e-003 -6.215348e-001
5.683042867766412e-003 -6.260456e-001
5.694203582052126e-003 -6.315327e-001
5.705364296337840e-003 -6.364043e-001
5.716525010623554e-003 -6.406601e-001
5.727685724909268e-003 -6.443004e-001
5.738846439194982e-003 -6.473250e-001
5.750007153480696e-003 -6.497339e-001
5.761167867766410e-003 -6.515272e-001
5.770933492766410e-003 -6.525774e-001
5.780699117766410e-003 -6.531496e-001
5.790464742766410e-003 -6.532439e-001
5.800230367766409e-003 -6.528603e-001
5.809995992766409e-003 -6.519987e-001
5.819761617766409e-003 -6.506592e-001
5.829527242766409e-003 -6.488418e-001
5.849058492766408e-003 -6.437136e-001
5.868589742766408e-003 -6.367728e-001
5.888120992766407e-003 -6.280194e-001
5.907652242766407e-003 -6.174534e-001
5.927183492766407e-003 -6.050747e-001
5.946714742766406e-003 -5.908834e-001
5.966245992766406e-003 -5.748795e-001
5.976011617766406e-003 -5.662717e-001
5.985777242766405e-003 -5.572694e-001
5.995542867766405e-003 -5.478723e-001
6.005308492766405e-003 -5.380806e-001
6.015074117766405e-003 -5.278942e-001
6.024839742766405e-003 -5.173132e-001
6.034605367766404e-003 -5.063375e-001
6.051346439194976e-003 -4.865827e-001
6.068087510623547e-003 -4.659076e-001
6.084828582052118e-003 -4.443121e-001
6.101569653480688e-003 -4.217963e-001
6.118310724909259e-003 -3.983601e-001
6.135051796337831e-003 -3.740035e-001
6.151792867766402e-003 -3.487265e-001
6.171324117766401e-003 -3.182131e-001
6.190855367766401e-003 -2.870156e-001
6.210386617766401e-003 -2.551340e-001
6.229917867766400e-003 -2.225682e-001
6.249449117766400e-003 -1.893184e-001
6.268980367766399e-003 -1.553845e-001
6.288511617766399e-003 -1.207664e-001
6.298277242766399e-003 -1.034119e-001
6.308042867766399e-003 -8.601644e-002
6.317808492766398e-003 -6.858019e-002
6.327574117766398e-003 -5.110309e-002
6.337339742766398e-003 -3.358514e-002
6.347105367766398e-003 -1.602635e-002
6.356870992766397e-003 1.573290e-003
6.368031707052112e-003 2.169264e-002
6.379192421337825e-003 4.174038e-002
6.390353135623540e-003 6.171650e-002
6.401513849909253e-003 8.162100e-002
6.412674564194968e-003 1.014539e-001
6.423835278480681e-003 1.212152e-001
6.434995992766396e-003 1.409048e-001
6.453132153480681e-003 1.727119e-001
6.471268314194967e-003 2.038859e-001
6.489404474909252e-003 2.344268e-001
6.507540635623537e-003 2.643345e-001
6.525676796337822e-003 2.936092e-001
6.543812957052108e-003 3.222508e-001
6.561949117766393e-003 3.502593e-001
6.571714742766393e-003 3.649028e-001
6.581480367766393e-003 3.792531e-001
6.591245992766392e-003 3.933102e-001
6.601011617766392e-003 4.070740e-001
6.610777242766392e-003 4.205447e-001
6.620542867766392e-003 4.337221e-001
6.630308492766392e-003 4.466063e-001
6.649839742766391e-003 4.714872e-001
6.669370992766391e-003 4.948326e-001
6.688902242766390e-003 5.166424e-001
6.708433492766390e-003 5.369167e-001
6.727964742766390e-003 5.556554e-001
6.747495992766389e-003 5.728586e-001
6.767027242766389e-003 5.885263e-001
6.815855367766388e-003 6.197388e-001
6.825620992766388e-003 6.246482e-001
6.835386617766387e-003 6.290951e-001
6.845152242766387e-003 6.330794e-001
6.854917867766387e-003 6.366013e-001
6.864683492766387e-003 6.396607e-001
6.874449117766386e-003 6.422575e-001
6.884214742766386e-003 6.443918e-001
6.896770546337814e-003 6.464381e-001
6.909326349909243e-003 6.477049e-001
6.921882153480671e-003 6.481924e-001
6.934437957052100e-003 6.479005e-001
6.946993760623528e-003 6.468292e-001
6.959549564194956e-003 6.449785e-001
6.972105367766384e-003 6.423485e-001
6.991636617766384e-003 6.366499e-001
7.011167867766384e-003 6.291684e-001
7.030699117766383e-003 6.199039e-001
7.050230367766383e-003 6.088566e-001
7.069761617766382e-003 5.960263e-001
7.089292867766382e-003 5.814131e-001
7.108824117766381e-003 5.650170e-001
7.117194653480667e-003 5.575104e-001
7.125565189194953e-003 5.497169e-001
7.133935724909238e-003 5.416364e-001
7.142306260623524e-003 5.332690e-001
7.150676796337809e-003 5.246147e-001
7.159047332052095e-003 5.156735e-001
7.167417867766380e-003 5.064453e-001
7.182763849909237e-003 4.887602e-001
7.198109832052094e-003 4.702855e-001
7.213455814194951e-003 4.510212e-001
7.228801796337807e-003 4.309673e-001
7.244147778480664e-003 4.101236e-001
7.259493760623521e-003 3.884904e-001
7.274839742766378e-003 3.660675e-001
7.294370992766378e-003 3.364727e-001
7.313902242766377e-003 3.061288e-001
7.333433492766377e-003 2.750359e-001
7.352964742766376e-003 2.431939e-001
7.372495992766376e-003 2.106028e-001
7.392027242766375e-003 1.772627e-001
7.411558492766375e-003 1.431735e-001
7.422719207052089e-003 1.235893e-001
7.433879921337803e-003 1.039355e-001
7.445040635623517e-003 8.421219e-002
7.456201349909231e-003 6.441934e-002
7.467362064194945e-003 4.455696e-002
7.478522778480659e-003 2.462504e-002
7.489683492766373e-003 4.623597e-003
7.499449117766373e-003 -1.287146e-002
7.509214742766373e-003 -3.032470e-002
7.518980367766373e-003 -4.773612e-002
7.528745992766373e-003 -6.510571e-002
7.538511617766372e-003 -8.243349e-002
7.548277242766372e-003 -9.971944e-002
7.558042867766372e-003 -1.169636e-001
7.576179028480657e-003 -1.488841e-001
7.594315189194943e-003 -1.802359e-001
7.612451349909228e-003 -2.110190e-001
7.630587510623513e-003 -2.412334e-001
7.648723671337798e-003 -2.708792e-001
7.666859832052084e-003 -2.999562e-001
7.684995992766369e-003 -3.284646e-001
7.724058492766368e-003 -3.865635e-001
7.735219207052083e-003 -4.023987e-001
7.746379921337796e-003 -4.178150e-001
7.757540635623511e-003 -4.328126e-001
7.768701349909224e-003 -4.473914e-001
7.779862064194939e-003 -4.615515e-001
7.791022778480652e-003 -4.752927e-001
7.802183492766367e-003 -4.886152e-001
7.820319653480653e-003 -5.093188e-001
7.838455814194937e-003 -5.286315e-001
7.856591974909222e-003 -5.465532e-001
7.874728135623508e-003 -5.630840e-001
7.892864296337794e-003 -5.782238e-001
7.911000457052078e-003 -5.919727e-001
7.929136617766364e-003 -6.043307e-001
7.938902242766364e-003 -6.103128e-001
7.948667867766364e-003 -6.158412e-001
7.958433492766363e-003 -6.209159e-001
7.968199117766363e-003 -6.255369e-001
7.977964742766363e-003 -6.297041e-001
7.987730367766363e-003 -6.334177e-001
7.997495992766363e-003 -6.366775e-001
8.007261617766362e-003 -6.394684e-001
8.017027242766362e-003 -6.417903e-001
8.026792867766362e-003 -6.436432e-001
8.036558492766362e-003 -6.450271e-001
8.046324117766361e-003 -6.459419e-001
8.056089742766361e-003 -6.463878e-001
8.065855367766361e-003 -6.463647e-001
8.079806260623504e-003 -6.454998e-001
8.093757153480647e-003 -6.436863e-001
8.107708046337789e-003 -6.409244e-001
8.121658939194931e-003 -6.372141e-001
8.135609832052073e-003 -6.325552e-001
8.149560724909216e-003 -6.269479e-001
8.163511617766359e-003 -6.203921e-001
8.178857599909216e-003 -6.120836e-001
8.194203582052072e-003 -6.027222e-001
8.209549564194929e-003 -5.923079e-001
8.224895546337787e-003 -5.808406e-001
8.240241528480644e-003 -5.683204e-001
8.255587510623500e-003 -5.547473e-001
8.270933492766357e-003 -5.401213e-001
8.279304028480643e-003 -5.317496e-001
8.287674564194927e-003 -5.231054e-001
8.296045099909213e-003 -5.141887e-001
8.304415635623499e-003 -5.049995e-001
8.312786171337785e-003 -4.955379e-001
8.321156707052069e-003 -4.858037e-001
8.329527242766355e-003 -4.757971e-001
8.347663403480641e-003 -4.531184e-001
8.365799564194925e-003 -4.294579e-001
8.383935724909211e-003 -4.048154e-001
8.402071885623497e-003 -3.791910e-001
8.420208046337783e-003 -3.525847e-001
8.438344207052067e-003 -3.249965e-001
8.456480367766353e-003 -2.964264e-001
8.476011617766352e-003 -2.647638e-001
8.495542867766352e-003 -2.325694e-001
8.515074117766351e-003 -1.998431e-001
8.534605367766351e-003 -1.665850e-001
8.554136617766351e-003 -1.327950e-001
8.573667867766350e-003 -9.847321e-002
8.593199117766350e-003 -6.361954e-002
8.604359832052063e-003 -4.370610e-002
8.615520546337779e-003 -2.379853e-002
8.626681260623492e-003 -3.896810e-003
8.637841974909206e-003 1.599905e-002
8.649002689194919e-003 3.588905e-002
8.660163403480635e-003 5.577319e-002
8.671324117766348e-003 7.565147e-002
8.690855367766348e-003 1.104143e-001
8.710386617766347e-003 1.446111e-001
8.729917867766347e-003 1.782417e-001
8.749449117766346e-003 2.113062e-001
8.768980367766346e-003 2.438046e-001
8.788511617766346e-003 2.757369e-001
8.808042867766345e-003 3.071031e-001
8.816413403480631e-003 3.201911e-001
8.824783939194916e-003 3.330907e-001
8.833154474909202e-003 3.458020e-001
8.841525010623488e-003 3.583249e-001
8.849895546337774e-003 3.706594e-001
8.858266082052058e-003 3.828056e-001
8.866636617766344e-003 3.947634e-001
8.880587510623487e-003 4.142586e-001
8.894538403480630e-003 4.330711e-001
8.908489296337772e-003 4.512006e-001
8.922440189194913e-003 4.686474e-001
8.936391082052056e-003 4.854113e-001
8.950341974909199e-003 5.014923e-001
8.964292867766342e-003 5.168905e-001
8.979638849909198e-003 5.329304e-001
8.994984832052055e-003 5.479494e-001
9.010330814194912e-003 5.619476e-001
9.025676796337770e-003 5.749250e-001
9.041022778480626e-003 5.868816e-001
9.056368760623483e-003 5.978173e-001
9.071714742766340e-003 6.077322e-001
9.078690189194910e-003 6.118561e-001
9.085665635623482e-003 6.157493e-001
9.092641082052053e-003 6.194117e-001
9.099616528480625e-003 6.228432e-001
9.106591974909196e-003 6.260439e-001
9.113567421337768e-003 6.290139e-001
9.120542867766339e-003 6.317530e-001
9.131703582052052e-003 6.356473e-001
9.142864296337767e-003 6.389306e-001
9.154025010623481e-003 6.416030e-001
9.165185724909195e-003 6.436644e-001
9.176346439194908e-003 6.451148e-001
9.187507153480623e-003 6.459543e-001
9.198667867766337e-003 6.461828e-001
9.211223671337766e-003 6.456926e-001
9.223779474909193e-003 6.444313e-001
9.236335278480622e-003 6.423990e-001
9.248891082052050e-003 6.395955e-001
9.261446885623479e-003 6.360209e-001
9.274002689194906e-003 6.316753e-001
9.286558492766335e-003 6.265585e-001
9.303299564194905e-003 6.185157e-001
9.320040635623477e-003 6.092064e-001
9.336781707052048e-003 5.986308e-001
9.353522778480620e-003 5.867889e-001
9.370263849909190e-003 5.736805e-001
9.387004921337762e-003 5.593058e-001
9.403745992766333e-003 5.436647e-001
9.413511617766332e-003 5.340205e-001
9.423277242766332e-003 5.240063e-001
9.433042867766332e-003 5.136219e-001
9.442808492766332e-003 5.028676e-001
9.452574117766332e-003 4.917431e-001
9.462339742766331e-003 4.802486e-001
9.472105367766331e-003 4.683840e-001
9.491636617766331e-003 4.434772e-001
9.511167867766330e-003 4.174770e-001
9.530699117766330e-003 3.903833e-001
9.550230367766329e-003 3.621961e-001
9.569761617766329e-003 3.329155e-001
9.589292867766329e-003 3.025414e-001
9.608824117766328e-003 2.710739e-001
9.626960278480614e-003 2.411442e-001
9.645096439194898e-003 2.108023e-001
9.663232599909184e-003 1.800482e-001
9.681368760623470e-003 1.488818e-001
9.699504921337756e-003 1.173032e-001
9.717641082052040e-003 8.531230e-002
9.735777242766325e-003 5.290919e-002
9.765074117766325e-003 6.392621e-004
9.784605367766324e-003 -3.423079e-002
9.801346439194895e-003 -6.420063e-002
9.818087510623467e-003 -9.387595e-002
9.834828582052037e-003 -1.232568e-001
9.851569653480609e-003 -1.523431e-001
9.868310724909180e-003 -1.811348e-001
9.885051796337752e-003 -2.096321e-001
9.901792867766322e-003 -2.378349e-001
9.914348671337751e-003 -2.585992e-001
9.926904474909178e-003 -2.789918e-001
9.939460278480607e-003 -2.990128e-001
9.952016082052035e-003 -3.186622e-001
9.964571885623464e-003 -3.379400e-001
9.977127689194891e-003 -3.568461e-001
9.989683492766320e-003 -3.753806e-001
9.999449117766320e-003 -3.895062e-001
1.000000000000000e-002 -3.902950e-001
